0	0.288722741	0	1	0.3	0.214285714	0.1	0.002982456	1	0	0	0	0.3	0	0	1
0	0.515015576	0	1	0.3	0.071428571	0.3	0.526315789	1	0	0	0	0.3	0	0	1
1	0.552398754	0	1	0.3	0.071428571	0.1	0.087719298	1	0	0	0	0.3	0	0	1
1	0.650093458	0	0	0.6	1	0.8	0	0	0	0	0	0.3	0	0	0
0	0.201495327	0.200892857	1	0.3	0.071428571	0.1	0.001403509	0	0	0	0	0.3	0	0	1
0	0.396635514	0.142857143	0	0.6	0.5	0.1	0.001403509	0	0	0	0	0.3	0	0	0
0	0.640747664	0.037142857	1	0.3	0.785714286	0.2	0.001403509	1	0	0	0	0.3	0	1	1
0	0.272024922	0.41375	1	0.3	0.142857143	0.2	0.023333333	1	0	0	1	0.3	0	0	1
0	0.326105919	0.017857143	1	0.3	0.285714286	0.3	0	1	0	0	1	0.3	0	0	1
0	0.594018692	0.175535714	1	0.3	0.071428571	0.3	0.526315789	1	1	0.249221184	0	0.3	0	1	1
0	0.257570093	0.029642857	1	0.3	0.071428571	0.1	0.004385965	0	0	0	0	0.3	0	1	0
1	0.300062305	0.065535714	1	0.3	0.642857143	0.2	0.043859649	1	1	0.012461059	0	0.3	0	1	1
1	0.254454829	0.214285714	1	0.3	0.642857143	0.1	0.055614035	1	1	0.012461059	0	0.3	0	0	1
1	0.445482866	0.215714286	1	0.3	0.928571429	0.1	0.026315789	1	1	0.049844237	0	0.3	0	1	1
1	0.448598131	0.375	1	0.3	0.071428571	0.1	0.070175439	1	1	0.137071651	0	0.3	0	1	1
1	0.515015576	0.157678571	1	0.3	0.285714286	0.3	0.078947368	1	0	0	1	0.3	0	1	1
0	0.333333333	0.03125	1	0.3	0.785714286	0.2	0.043859649	1	0	0	0	0.3	0	1	1
1	0.250218069	0.209821429	1	0.3	0.071428571	0.1	0	0	0	0	0	0.3	0	0	0
0	0.513021807	0.008928571	0	0.6	0.714285714	0.1	0.00877193	0	0	0	0	0.3	0	1	0
1	0.600249221	0.306607143	1	0.3	0.285714286	0.9	0.011754386	0	0	0	0	0.3	0	1	0
1	0.379065421	0.401785714	1	0.3	0.714285714	0.2	0.001403509	0	1	0.037383178	0	0.3	0	1	0
0	0.289719626	0.035714286	1	0.3	0.642857143	0.1	0.083333333	1	1	0.037383178	1	0.3	0	1	1
0	0.358255452	0.285714286	0	0.6	0.071428571	0.1	0.052631579	1	0	0	1	0.3	0	1	0
0	0.408099688	0.517857143	1	0.3	0.214285714	0.2	0.192982456	1	1	0.037383178	1	0.3	0	0	1
0	0.653208723	0.232142857	1	0.3	0.142857143	0.1	0.131578947	0	0	0	1	0.3	0	1	0
1	0.412211838	0.020892857	1	0.3	0.142857143	0.1	0.018947368	0	0	0	1	0.3	0	0	0
0	0.492211838	0.464285714	1	0.3	0.071428571	0.1	0.052631579	0	0	0	0	0.3	0	1	0
1	0.484984424	0.660714286	1	0.3	0.928571429	0.1	0.00877193	0	0	0	0	0.3	0	1	0
0	0.548286604	0.303571429	1	0.3	0.5	0.1	0.061403509	1	1	0.024922118	1	0.3	0	1	1
1	0.717507788	0.037142857	1	0.3	1	0.8	0.228070175	0	1	0.012461059	0	0.3	0	1	0
1	0.414330218	0.528214286	0	0.6	0.071428571	0.1	0.087719298	0	0	0	1	0.3	0	1	0
0	0.282492212	0.349642857	0	0.6	0.071428571	0.2	0.090701754	1	0	0	0	0.3	0	0	1
0	0.449595016	0.270892857	1	0.3	1	0.8	0	0	0	0	0	0.3	0	1	0
0	0.46517134	0.183035714	1	0.3	0.214285714	0.1	0.005789474	0	0	0	1	0.3	0	1	0
1	0.308411215	0.383928571	1	0.3	0.642857143	0.2	0.064385965	1	1	0.236760125	0	0.3	0	1	1
0	0.31364486	0.053571429	1	0.3	0.071428571	0.1	0.043859649	0	1	0.012461059	0	0.3	0	1	0
0	0.426791277	0.056607143	1	0.3	0.214285714	0.2	0.260175439	1	0	0	1	0.3	0	0	1
0	0.53271028	0.419642857	1	0.3	0.285714286	0.3	0.035087719	1	0	0	0	0.3	0	1	0
0	0.199376947	0.020892857	1	0.3	0.714285714	0.1	0.002982456	0	1	0.012461059	0	0.3	0	1	0
0	0.436137072	0.33625	1	0.3	0.071428571	0.2	0.290877193	0	0	0	1	0.3	0	0	0
0	0.31364486	0.3275	1	0.3	0.214285714	0.1	0.021929825	1	1	0.087227414	0	0.3	0	1	1
1	0.438255452	0.535714286	1	0.3	1	0.8	0	0	1	0.074766355	0	0.3	0	1	0
1	0.708161994	0.050535714	0	0.6	1	0.8	0.175438596	0	0	0	1	0.3	0	1	0
1	0.412211838	0.496964286	1	0.3	0.642857143	0.2	0.057017544	1	1	0.024922118	0	0.3	0	0	1
0	0.232647975	1	1	0.3	0.642857143	0.1	0.013157895	1	1	0.024922118	0	0.3	0	1	0
1	0.262679128	0.256312892	0	0.6	1	0.8	0	0	0	0	0	0.3	0	0	0
0	0.435140187	0.077463452	1	0.3	0.785714286	0.2	0.263157895	1	1	0.074766355	1	0.3	0	1	1
0	0.451713396	0.16935637	1	0.3	0.071428571	0.3	0.087719298	1	1	0.074766355	0	0.3	0	1	1
0	0.485981308	0.058477312	1	0.3	0.214285714	0.1	0.122807018	1	1	0.124610592	1	0.3	0	0	1
0	0.505669782	0.025251566	1	0.3	0.071428571	0.1	0.175438596	1	1	0.087227414	0	0.3	0	1	1
1	0.759127726	0.01898614	1	0.3	0.928571429	0.1	0.140350877	1	1	0.049844237	0	0.3	0	1	1
1	0.457943925	0.03797228	1	0.3	0.857142857	0.1	0.175438596	1	0	0	1	0.3	0	1	1
0	0.84423676	0.077463452	1	0.3	0.857142857	0.6	0.456140351	1	1	0.012461059	1	0.3	0	0	1
0	1	0.094930701	1	0.3	1	0.9	0.018947368	1	0	0	0	0.3	0	1	0
0	0.327947883	0.113916841	1	0.3	0.071428571	0.1	0.035087719	1	1	0.039087948	0	0.3	0	0	1
1	0.498371336	0.441427758	1	0.3	0.428571429	0.1	0.035087719	1	0	0	1	0.3	0	0	1
0	0.626449511	0	1	0.3	0.428571429	0.1	0.001403509	0	0	0	0	0.3	0	1	1
1	0.397394137	0.01898614	1	0.3	0.071428571	0.3	0.140350877	1	1	0.091205212	1	0.3	0	1	1
0	0.521172638	0.170875261	1	0.3	0.928571429	0.3	0.122807018	1	1	0.013029316	0	0.3	0	1	1
0	0.616677524	0.113916841	1	0.3	0.071428571	0.1	0.035087719	0	0	0	1	0.3	0	1	0
0	0.684039088	0.465160433	1	0.3	0.428571429	0.1	0.220701754	1	1	0.195439739	0	0.3	0	1	1
1	0.575504886	0.61382191	1	0.3	0.642857143	0.1	0.25877193	1	1	0.039087948	1	0.3	0	0	1
0	0.707882736	0.029998101	1	0.3	0.071428571	0.2	0.092105263	1	1	0.143322476	1	0.3	0	1	1
0	0.260586319	0.031706854	1	0.3	0.071428571	0.1	0.01754386	0	0	0	0	0.3	0	0	0
1	0.684039088	0.161382191	1	0.3	0.928571429	0.2	0.105263158	0	0	0	0	0.3	0	0	0
0	0.817589577	0.058477312	1	0.3	0.857142857	0.6	0	0	0	0	0	0.3	0	1	0
1	0.525472313	0.03797228	0	0.6	0.642857143	0.2	0.280701754	1	1	0.182410423	0	0.3	0	1	1
0	0.64495114	0.014239605	1	0.3	0.285714286	0.3	0.266140351	1	1	0.195439739	1	0.3	0	1	1
1	0.206254072	0.246819822	1	0.3	0.642857143	0.1	0.004385965	0	1	0.013029316	1	0.3	0	1	0
0	0.62762215	0.954053541	1	0.3	0.714285714	0.2	0.543859649	1	1	0.156351792	0	0.3	0	1	1
1	0.622149837	0.284792102	1	0.3	0.071428571	0.1	0.276315789	1	1	0.078175896	1	0.3	0	1	1
1	0.271400651	0.151889121	1	0.3	0.071428571	0.1	0.005789474	0	0	0	0	0.3	0	1	0
0	0.748143322	0.189861401	1	0.3	0.857142857	0.2	0.245614035	1	1	0.039087948	0	0.3	0	0	1
1	0.229055375	0.01898614	1	0.3	0.928571429	0.1	0.048245614	1	0	0	1	0.3	0	0	1
0	0.28990228	0.265805962	1	0.3	0.928571429	0.1	0.002982456	0	0	0	0	0.3	0	0	0
0	0.313745928	0.200873362	1	0.3	0.928571429	0.1	0.00877193	0	0	0	1	0.3	0	0	0
0	0.445211726	0.246819822	1	0.3	0.071428571	0.1	0.157894737	1	1	0.156351792	1	0.3	0	1	1
1	0.225798046	0.022213784	1	0.3	0.928571429	0.1	0.061403509	0	1	0.13029316	1	0.3	0	1	0
0	0.702540717	0.044237706	1	0.3	0.857142857	0.1	0.304035088	1	1	0.06514658	0	0.3	0	0	1
0	0.54723127	0.370229732	1	0.3	0.785714286	0.2	0.279298246	1	1	0.104234528	0	0.3	0	0	1
0	0.263843648	0.721473324	1	0.3	0.857142857	0.7	0	1	0	0	0	0.3	0	0	1
0	0.668794788	0.05695842	1	0.3	0.285714286	0.3	0	1	1	0.143322476	0	0.3	0	1	1
1	0.76	0.01898614	1	0.3	0.642857143	0.1	0.140350877	1	1	0.182410423	0	0.3	0	1	1
1	0.233485342	0.132902981	1	0.3	1	0.8	0	0	0	0	0	0.3	0	1	0
0	0.277915309	0.023732675	1	0.3	0.071428571	0.1	0.105263158	1	0	0	1	0.3	0	0	1
1	0.59713355	0.151889121	1	0.3	0.642857143	0.1	0.175438596	1	1	0.091205212	1	0.3	0	0	1
1	0.294201954	0.014239605	1	0.3	0.642857143	0.1	0.014561404	1	1	0.06514658	1	0.3	0	1	1
1	0.232312704	0.083918739	1	0.3	0.785714286	0.2	0.035087719	1	1	0.143322476	0	0.3	0	1	1
1	0.292117264	0.170875261	0	0.6	0.785714286	0.2	0.026315789	1	1	0.052117264	0	0.3	0	1	1
1	0.282345277	0.05695842	0	0.6	0.357142857	0.4	0	1	1	0.143322476	1	0.3	0	0	1
0	0.293159609	0.484146573	0	0.6	0.5	0.1	0.052631579	0	0	0	1	0.3	0	1	0
0	0.296416938	0.588570344	1	0.3	0.285714286	0.1	0.014561404	0	0	0	0	0.3	0	0	0
0	0.728599349	0.189861401	1	0.3	1	0.8	0.175438596	1	1	0.06514658	0	0.3	0	1	1
1	0.461498371	0.052211885	1	0.3	0.642857143	0.2	0.49122807	1	1	0.104234528	0	0.3	0	1	1
0	0.340977199	0.05695842	0	0.6	0.428571429	0.2	0.043859649	0	0	0	1	0.3	0	1	0
0	0.302931596	0.134421872	1	0.3	0.071428571	0.1	0.004385965	0	1	0.026058632	0	0.3	0	1	0
0	0.336547231	0.023732675	1	0.3	0.214285714	0.1	0.01754386	0	0	0	0	0.3	0	1	0
1	0.61237785	0.01898614	1	0.3	0.285714286	0.3	0.18122807	1	1	0.117263844	1	0.3	0	0	1
1	0.350749186	0.417695083	1	0.3	0.642857143	0.2	0.175438596	1	1	0.026058632	0	0.3	0	1	1
1	0.649250814	0.03797228	1	0.3	0.428571429	0.2	0.298245614	1	0	0	1	0.3	0	0	1
1	0.849120521	0.06645149	1	0.3	1	0.8	0	1	1	0.143322476	1	0.3	0	1	1
0	0.373550489	0.626542624	1	0.3	0.142857143	0.1	0.004385965	0	0	0	0	0.3	0	1	0
0	0.782801303	0.189861401	1	0.3	1	0.8	0.631578947	1	1	0.195439739	1	0.3	0	1	1
1	0.365863192	0.455667363	0	0.6	0.857142857	0.6	0	1	0	0	0	0.3	0	1	1
0	0.376807818	0.151889121	1	0.3	0.071428571	0.2	0.187192982	1	1	0.143322476	0	0.3	0	1	1
0	0.45276873	0.588570344	1	0.3	0.571428571	0.5	0.188596491	1	1	0.117263844	1	0.3	0	1	1
0	0.672052117	0.044237706	1	0.3	0.071428571	0.1	0.298245614	1	1	0.117263844	0	0.3	0	0	1
1	0.688338762	0.417695083	1	0.3	0.071428571	0.1	0.192982456	1	1	0.182410423	0	0.3	0	1	1
1	0.894723127	0.085437631	1	0.3	0.857142857	0.6	0	1	1	0.182410423	0	0.3	0	1	1
1	0.736156352	0.02847921	1	0.3	0.357142857	0.8	0	1	1	0.195439739	0	0.3	0	1	1
0	0.956612378	0.132902981	1	0.3	1	0.8	0	1	0	0	1	0.3	0	0	1
0	0.737198697	0.039491171	1	0.3	0.142857143	0.3	0.526315789	1	1	0.221498371	1	0.3	0	0	1
0	0.974983713	0.474653503	0	0.6	1	0.8	0.001403509	0	1	0.026058632	0	0.3	0	1	0
0	0.408208469	0.02847921	1	0.3	0.071428571	0.1	0.245614035	1	1	0.208469055	0	0.3	0	1	1
1	0.743713355	0.04746535	1	0.3	0.071428571	0.1	0.192982456	1	1	0.091205212	0	0.3	0	1	1
0	0.834918567	0.042718815	1	0.3	0.785714286	0.2	0.614035088	1	1	0.117263844	1	0.3	0	1	1
1	0.761172638	0.265805962	1	0.3	0.285714286	0.3	0.350877193	1	1	0.169381107	0	0.3	0	1	1
0	0.524429967	0.246819822	1	0.3	0.857142857	0.6	0.701754386	1	1	0.143322476	0	0.3	0	1	1
0	1	0.267324853	1	0.3	0.857142857	0.6	0.447368421	1	1	0.013029316	1	0.3	0	1	1
0	0.701438849	0.392443516	0	0.6	1	0.8	0	1	0	0	1	0.3	0	0	0
0	0.811798561	0.23580786	0	0.6	0.071428571	0.1	1	1	1	0.575539568	0	0.3	0	1	1
0	0.569496403	0.474653503	1	0.3	1	0.8	0	0	1	0.028776978	0	0.3	0.0085	1	0
1	0.339280576	0.474653503	0	0.6	0.428571429	0.2	0.15	0	0	0	1	0.3	0.01	1	0
1	0.871654676	0.253085248	1	0.3	0.642857143	0.1	0.55	1	0	0	1	0.3	0.0105	1	1
0	0.941294964	0.341750522	1	0.3	0.857142857	0.6	1	1	1	0.100719424	1	0.3	0.011	0	1
0	0.805755396	0.189861401	1	0.3	0.428571429	0.2	0.5	1	0	0	1	0.3	0.012	1	1
1	0.587482014	0.094930701	1	0.3	0.642857143	0.2	0.109375	1	0	0	0	0.3	0.0145	1	1
0	0.785323741	0.417695083	1	0.3	1	0.8	0.9009375	1	1	0.158273381	1	0.3	0.015	1	1
0	0.434100719	0.161382191	1	0.3	0.071428571	0.1	0.109375	1	1	0.158273381	0	0.3	0.016	1	1
1	0.411223022	0.132902981	1	0.3	0.071428571	0.1	0.015625	0	1	0.014388489	1	0.3	0.02	1	0
0	0.290215827	0.208847541	1	0.3	0.071428571	0.1	0.1040625	1	1	0.043165468	1	0.3	0.02	1	1
1	0.270935252	0.069679134	1	0.3	0.714285714	0.1	0.1015625	1	1	0.086330935	1	0.3	0.02	1	1
1	0.844172662	0.303778242	1	0.3	0.642857143	0.2	0.19	1	1	0.086330935	0	0.3	0.0215	1	1
0	0.273381295	0	0	0.6	1	0.8	0	0	1	0.057553957	0	0.3	0.0225	1	0
1	0.298561151	0.208847541	1	0.3	0.642857143	0.1	0.044375	1	1	0.028776978	1	0.3	0.0245	0	1
0	0.522733813	0.246819822	0	0.6	0.714285714	0.1	0.0053125	1	1	0.014388489	0	0.3	0.025	1	1
1	0.292517986	0.020505031	1	0.3	0.071428571	0.2	0.0625	1	1	0.057553957	0	0.3	0.025	1	1
0	0.611510791	0.104423771	0	0.6	0.714285714	0.1	0.1978125	1	0	0	1	0.3	0.026	1	1
0	0.332086331	0.360736662	1	0.3	0.285714286	0.1	0.21875	1	1	0.129496403	0	0.3	0.028	1	1
0	0.23381295	0	0	0.6	0.928571429	0.1	0.015625	0	0	0	0	0.3	0.03	0	0
0	0.332086331	0.142396051	1	0.3	0.071428571	0.1	0.0678125	1	1	0.158273381	1	0.3	0.03	1	1
0	0.856115108	0.607556484	1	0.3	0.714285714	0.1	0.109375	1	1	0.071942446	1	0.3	0.03	1	1
0	0.489208633	0.011011961	0	0.6	0.071428571	0.1	0.09375	0	0	0	1	0.3	0.03	0	0
0	0.250647482	0.417695083	1	0.3	0.285714286	0.1	0.0078125	0	0	0	0	0.3	0.03	1	0
0	0.290215827	0.063223847	1	0.3	0.928571429	0.1	0.1225	1	1	0.201438849	0	0.3	0.03	1	1
1	0.265035971	0.094930701	1	0.3	0.642857143	0.1	0.075625	1	1	0.057553957	0	0.3	0.03	1	1
0	0.278129496	0.05695842	1	0.3	0.642857143	0.1	0.0625	1	0	0	1	0.3	0.03	1	1
0	0.324892086	0.286310993	1	0.3	0.785714286	0.1	0.0025	1	1	0.129496403	0	0.3	0.03	1	1
1	0.410071942	0.246819822	0	0.6	0.785714286	0.2	0.15875	1	1	0.014388489	0	0.3	0.035	0	1
0	0.407625899	0.569584204	1	0.3	0.714285714	0.1	0.6875	1	0	0	1	0.3	0.035	0	1
0	0.995251799	0.017467249	1	0.3	1	0.8	0.25	0	1	0.014388489	0	0.3	0.035	1	0
0	0.569496403	0.379722802	1	0.3	0.714285714	0.1	0.5390625	1	1	0.086330935	1	0.3	0.035	0	1
1	0.74705036	0.246819822	1	0.3	0.285714286	0.3	0.1928125	0	0	0	1	0.3	0.0365	0	0
0	0.352517986	0.094930701	1	0.3	0.071428571	0.3	0.296875	1	1	0.028776978	0	0.3	0.0365	1	1
0	0.400431655	0.05695842	0	0.6	0.285714286	0.2	0.359375	1	1	0.028776978	1	0.3	0.0375	0	0
1	0.557553957	0.436681223	1	0.3	1	0.8	0	0	0	0	0	0.3	0.038	0	0
1	0.283021583	0.115435732	1	0.3	0.642857143	0.2	0.018125	1	1	0.158273381	0	0.3	0.04	1	1
0	0.283021583	0.569584204	1	0.3	0.642857143	0.1	0.125	1	1	0.028776978	1	0.3	0.04	0	1
1	0.405323741	0.07594456	1	0.3	0.642857143	0.1	0.0365625	1	1	0.057553957	0	0.3	0.04	0	1
1	0.257841727	0.003037782	1	0.3	0.071428571	0.1	0.109375	0	1	0.014388489	1	0.3	0.04	1	0
1	0.336978417	0.07594456	0	0.6	0.642857143	0.1	0.09375	1	1	0.028776978	1	0.3	0.04	1	1
1	0.358561151	0.07594456	1	0.3	1	0.8	0	1	0	0	0	0.3	0.04	0	0
0	0.32618705	0.064932599	0	0.6	0.714285714	0.1	0.1928125	1	1	0.086330935	0	0.3	0.04	0	1
0	0.384892086	0.06645149	1	0.3	0.142857143	0.1	0.046875	0	0	0	1	0.3	0.04	0	0
0	0.234964029	0.626542624	1	0.3	0.928571429	0.1	0.0415625	0	1	0.014388489	0	0.3	0.04	1	0
0	0.622302158	0.379722802	1	0.3	0.642857143	0.2	0.375	1	1	0.158273381	0	0.3	0.04	0	1
0	0.302158273	0.360736662	0	0.6	0.714285714	0.1	0.140625	1	1	0.014388489	1	0.3	0.04	1	1
1	0.275827338	0.020505031	1	0.3	0.285714286	0.2	0.018125	0	0	0	0	0.3	0.04	1	0
0	0.260143885	0.123409911	1	0.3	0.428571429	0.1	0.03125	1	0	0	0	0.3	0.04	0	1
1	0.309352518	0.042718815	1	0.3	0.928571429	0.1	0.15625	1	1	0.043165468	0	0.3	0.04	1	1
0	0.27942446	0.096449592	1	0.3	0.714285714	0.2	0.09125	1	1	0.100719424	0	0.3	0.04	1	1
0	0.306906475	0	1	0.3	0.928571429	0.1	0.0884375	1	1	0.014388489	0	0.3	0.04	1	1
1	0.323741007	0.474653503	1	0.3	0.642857143	0.1	0.109375	1	1	0.143884892	0	0.3	0.04	1	0
1	0.272230216	0.515853427	0	0.6	0.071428571	0.1	0.0625	1	1	0.057553957	1	0.3	0.04	1	1
0	0.28057554	0.398708942	1	0.3	0.928571429	0.1	0.049375	0	0	0	0	0.3	0.04	1	0
1	0.267338129	0.05695842	1	0.3	0.142857143	0.1	0.0259375	0	0	0	0	0.3	0.04	1	0
0	0.267338129	0.474653503	1	0.3	1	0.8	0.0259375	0	0	0	0	0.3	0.04	0	0
1	0.298561151	0.329029808	1	0.3	0.214285714	0.2	0.0209375	1	1	0.014388489	1	0.3	0.04	1	1
0	0.321294964	0.351243592	1	0.3	0.714285714	0.1	0.125	1	1	0.014388489	0	0.3	0.04	1	1
1	0.329784173	0.31023353	1	0.3	0.214285714	0.1	0.0025	1	0	0	0	0.3	0.04	1	1
0	0.507194245	0.011011961	0	0.6	0.071428571	0.1	0.25	1	0	0	0	0.3	0.04	0	0
1	0.254244604	0	0	0.6	0.357142857	0.8	0	0	0	0	0	0.3	0.043	0	0
0	0.647482014	0.113916841	1	0.3	0.214285714	0.2	0.875	1	1	0.014388489	1	0.3	0.044	1	1
1	0.272230216	0.740459465	1	0.3	0.928571429	0.1	0.046875	1	1	0.028776978	0	0.3	0.044	1	1
1	0.390935252	0.215112968	1	0.3	1	0.8	0	0	1	0.014388489	0	0.3	0.046	1	0
0	0.60676259	0.322764382	1	0.3	0.642857143	0.2	0.796875	1	0	0	1	0.3	0.046	0	1
0	0.537122302	0.246819822	1	0.3	0.5	0.2	0.265625	1	1	0.172661871	1	0.3	0.0465	0	1
0	0.713381295	0.189861401	1	0.3	1	0.8	0	1	1	0.014388489	0	0.3	0.047	0	0
0	0.364460432	0.039491171	1	0.3	0.071428571	0.1	0.018125	1	1	0.100719424	1	0.3	0.048	1	1
0	0.449640288	0.175621796	1	0.3	1	0.8	0	0	1	0.014388489	0	0.3	0.048	1	0
1	0.275827338	0.398708942	1	0.3	0.214285714	0.2	0.046875	1	1	0.100719424	0	0.3	0.048	0	1
1	0.431654676	0.007784317	1	0.3	0.857142857	0.7	0.140625	1	1	0.071942446	1	0.3	0.0495	1	1
0	0.618705036	0.036453389	0	0.6	0.214285714	0.2	0.109375	1	1	0.115107914	0	0.3	0.05	1	1
0	0.386043165	0.060186064	1	0.3	0.428571429	0.8	0	0	0	0	0	0.3	0.05	0	0
1	0.227769784	0.153408012	1	0.3	0.071428571	0.2	0.09375	1	1	0.028776978	0	0.3	0.05	0	1
0	0.318992806	0.191380292	0	0.6	1	0.8	0	0	0	0	0	0.3	0.05	0	0
0	0.344172662	0.120182267	1	0.3	0.071428571	0.1	0.0103125	0	0	0	0	0.3	0.05	0	1
0	0.376546763	0.289538637	1	0.3	0.214285714	0.1	0.0728125	0	0	0	0	0.3	0.05	0	0
0	0.263741007	0.077463452	0	0.6	0.857142857	0.7	0	0	0	0	0	0.3	0.05	0	0
0	0.27942446	0.381241694	0	0.6	0.214285714	0.1	0.125	1	0	0	1	0.3	0.05	1	0
0	0.400431655	0.01898614	1	0.3	0.714285714	0.1	0.140625	0	1	0.014388489	1	0.3	0.05	1	0
1	0.705035971	0.03797228	1	0.3	0.357142857	0.4	0	1	0	0	1	0.3	0.05	1	0
0	0.377697842	0.104423771	1	0.3	0.714285714	0.1	0.0078125	0	0	0	0	0.3	0.05	0	0
0	0.400431655	0.389215872	1	0.3	0.714285714	0.1	0.234375	1	1	0.071942446	1	0.3	0.05	1	1
0	0.29381295	0.080691096	1	0.3	0.071428571	0.1	0.140625	1	1	0.014388489	0	0.3	0.05	1	1
0	0.332086331	0.455667363	1	0.3	1	0.8	0.0053125	0	0	0	1	0.3	0.05	1	0
1	0.297410072	0	1	0.3	0.642857143	0.1	0.0103125	1	1	0.043165468	0	0.3	0.05	1	1
1	0.29971223	0.354471236	1	0.3	0.928571429	0.1	0.0025	1	0	0	0	0.3	0.05	0	1
0	0.411223022	0.094930701	1	0.3	0.928571429	0.1	0.015625	0	0	0	1	0.3	0.05	0	0
0	0.691798561	0.161382191	1	0.3	0.285714286	0.3	0.0625	0	0	0	0	0.3	0.05	1	0
1	0.661870504	0.223087146	1	0.3	0.357142857	0.4	0	1	0	0	0	0.3	0.05	1	1
1	0.802158273	0.251566357	1	0.3	0.428571429	0.2	0.421875	1	1	0.043165468	1	0.3	0.05	1	0
0	0.27942446	0.550598063	1	0.3	0.5	0.1	0.0025	0	1	0.014388489	0	0.3	0.05	1	0
1	0.270935252	0.436681223	1	0.3	0.928571429	0.1	0.0053125	1	0	0	0	0.3	0.05	0	1
0	0.32618705	0.102904879	1	0.3	0.642857143	0.2	0.0834375	1	0	0	0	0.3	0.05	0	1
0	0.317697842	0.132902981	1	0.3	0.214285714	0.1	0.0415625	1	0	0	0	0.3	0.05	0	1
0	0.327338129	0.153408012	1	0.3	0.642857143	0.1	0.15625	1	1	0.100719424	1	0.3	0.05	1	1
0	0.333381295	0.436681223	1	0.3	0.785714286	0.2	0.02875	1	1	0.014388489	0	0.3	0.05	0	1
0	0.317697842	0.365483197	1	0.3	0.428571429	0.1	0.0990625	0	0	0	1	0.3	0.05	1	0
0	0.309352518	0.351243592	1	0.3	0.285714286	0.1	0.03125	1	0	0	1	0.3	0.05	1	0
0	0.527625899	0.476172394	1	0.3	0.642857143	0.2	0.5625	1	0	0	1	0.3	0.051	1	1
0	0.29381295	0.417695083	1	0.3	0.642857143	0.1	0.09375	0	0	0	0	0.3	0.054	1	0
1	0.237410072	0.341750522	1	0.3	0.642857143	0.1	0.015625	0	1	0.014388489	0	0.3	0.054	1	0
0	0.615107914	0.362255553	1	0.3	0.928571429	0.1	0.0025	0	0	0	0	0.3	0.054	1	0
0	0.562302158	0.208847541	1	0.3	0.5	0.1	0.080625	1	1	0.071942446	1	0.3	0.054	1	1
0	0.353669065	0.151889121	1	0.3	0.071428571	0.1	0.015625	0	0	0	0	0.3	0.055	0	0
0	0.273381295	0.208847541	0	0.6	0.071428571	0.1	0.1459375	0	0	0	1	0.3	0.056	1	0
0	0.899280576	0.321245491	0	0.6	0.071428571	0.2	0.3125	1	0	0	0	0.3	0.056	0	0
0	0.568345324	0.014239605	1	0.3	0.071428571	0.3	0.40625	1	1	0.230215827	0	0.3	0.0585	1	1
1	0.226618705	0.417695083	1	0.3	0.071428571	0.1	0.0625	0	0	0	0	0.3	0.06	1	0
0	0.356115108	0.132902981	1	0.3	0.5	0.1	0.0625	0	0	0	1	0.3	0.06	1	0
1	0.339280576	0.113916841	0	0.6	1	0.8	0.0078125	0	0	0	0	0.3	0.06	1	0
0	0.539568345	0.06645149	1	0.3	0.857142857	0.1	0.0025	0	0	0	0	0.3	0.06	1	0
1	0.329784173	0.522118853	1	0.3	0.642857143	0.1	0.015625	0	0	0	1	0.3	0.06	1	0
0	0.484460432	0.797417885	1	0.3	0.714285714	0.1	0.0728125	0	0	0	0	0.3	0.06	0	0
1	0.462877698	0.069679134	1	0.3	0.714285714	0.1	0.0678125	1	1	0.230215827	0	0.3	0.06	1	1
0	0.324892086	0.00949307	0	0.6	0.928571429	0.1	0.03375	0	0	0	1	0.3	0.06	1	0
0	0.26618705	0.284792102	1	0.3	0.285714286	0.1	0.09375	1	1	0.028776978	0	0.3	0.06	1	1
0	0.745755396	0.175621796	0	0.6	1	0.8	0.09375	0	0	0	0	0.3	0.06	1	0
0	0.46647482	0.384469337	0	0.6	0.428571429	0.8	0	0	0	0	0	0.3	0.06	0	0
1	0.352517986	0.379722802	0	0.6	0.071428571	0.1	0	0	0	0	0	0.3	0.06	0	0
1	0.229064748	0.95253465	1	0.3	0.642857143	0.1	0.0053125	0	0	0	0	0.3	0.06	0	0
0	0.46647482	0.189861401	1	0.3	0.142857143	0.1	0.0103125	0	0	0	1	0.3	0.06	0	0
0	0.197841727	0.284792102	0	0.6	0.714285714	0.1	0.109375	1	1	0.028776978	1	0.3	0.06	1	1
0	0.461582734	0.07594456	0	0.6	0.214285714	0.1	0.09375	0	0	0	1	0.3	0.06	0	0
0	0.234964029	0.115435732	1	0.3	0.285714286	0.2	0.0259375	0	0	0	1	0.3	0.06	0	0
0	0.383741007	0.322764382	1	0.3	0.214285714	0.1	0.268125	1	1	0.014388489	1	0.3	0.06	0	1
0	0.267338129	0.007974179	1	0.3	0.142857143	0.1	0.03375	0	0	0	0	0.3	0.06	0	0
1	0.334532374	0.484146573	1	0.3	0.642857143	0.1	0.198125	1	1	0.143884892	0	0.3	0.06	1	1
1	0.338129496	0.417695083	1	0.3	0.642857143	0.1	0.53125	1	1	0.071942446	1	0.3	0.06	0	1
0	0.275827338	0.816404025	1	0.3	0.714285714	0.1	0.09375	1	0	0	0	0.3	0.06	1	1
0	0.25294964	0.189861401	1	0.3	0.714285714	0.2	0.0103125	0	1	0.014388489	0	0.3	0.06	1	0
1	0.262589928	0.417695083	1	0.3	0.714285714	0.1	0.0625	0	1	0.014388489	0	0.3	0.06	1	0
0	0.265035971	0.422441618	0	0.6	0.928571429	0.1	0.0078125	1	0	0	0	0.3	0.06	1	0
1	0.35971223	0.023732675	0	0.6	0.928571429	0.1	0.28125	1	0	0	0	0.3	0.06	0	0
0	0.35971223	0.389215872	1	0.3	0.428571429	0.1	0.140625	1	1	0.028776978	1	0.3	0.06	1	0
0	0.351366906	0.419403835	1	0.3	0.642857143	0.2	0.0990625	1	0	0	1	0.3	0.06	0	1
1	0.356115108	0	1	0.3	0.928571429	0.1	0.09375	1	1	0.172661871	1	0.3	0.06	1	1
0	0.352517986	0.362255553	0	0.6	0.928571429	0.1	0.0025	0	0	0	1	0.3	0.06	1	0
1	0.394532374	0.06645149	1	0.3	0.785714286	0.2	0.1928125	1	1	0.014388489	0	0.3	0.06	1	1
0	0.452086331	0.088665274	1	0.3	0.071428571	0.1	0.03125	1	0	0	0	0.3	0.06	0	0
0	0.694244604	0	1	0.3	0.714285714	0.1	0.109375	1	1	0.043165468	0	0.3	0.06	1	1
0	0.314100719	0.050692994	1	0.3	0.785714286	0.1	0.018125	1	1	0.086330935	0	0.3	0.0605	0	1
0	0.341726619	0.398708942	0	0.6	0.071428571	0.1	0.0025	0	1	0.028776978	0	0.3	0.064	1	0
0	0.317697842	0.022213784	1	0.3	0.071428571	0.2	0.1353125	0	0	0	1	0.3	0.064	0	1
0	0.429208633	0.003227644	0	0.6	0.785714286	0.2	0.0025	0	0	0	0	0.3	0.064	1	0
1	0.322589928	0.045946459	1	0.3	0.642857143	0.1	0.1615625	1	1	0.100719424	0	0.3	0.0645	1	1
1	0.44	0.227833681	1	0.3	0.642857143	0.2	0.0053125	0	1	0.172661871	1	0.3	0.0645	1	0
0	0.588776978	0.058477312	0	0.6	0.5	0.1	0.03125	0	0	0	1	0.3	0.065	0	0
0	0.588776978	0.006265426	1	0.3	1	0.8	0	1	0	0	0	0.3	0.065	1	0
0	0.237410072	0	1	0.3	0.071428571	0.1	0.0103125	0	0	0	0	0.3	0.066	0	0
0	0.308201439	0.094930701	0	0.6	0.571428571	0.5	0.046875	0	0	0	1	0.3	0.066	1	0
0	0.432805755	0.256312892	0	0.6	0.285714286	0.3	0.03125	1	1	0.143884892	1	0.3	0.066	1	0
1	0.352517986	0.384469337	0	0.6	0.071428571	0.1	0.0103125	0	0	0	0	0.3	0.066	0	0
0	0.339280576	0.094930701	1	0.3	0.071428571	0.1	0.03375	0	0	0	1	0.3	0.068	1	0
0	0.287769784	0.21682172	1	0.3	0.071428571	0.1	0.125	0	0	0	1	0.3	0.068	0	0
0	0.245755396	0.205619897	0	0.6	0.071428571	0.1	0.0025	0	0	0	0	0.3	0.07	1	0
1	0.284172662	0.379722802	1	0.3	0.071428571	0.1	0.0496875	1	1	0.071942446	1	0.3	0.07	1	0
0	0.287769784	0.512625783	0	0.6	0.428571429	0.1	0.0078125	0	0	0	0	0.3	0.07	1	0
0	0.297410072	0.031706854	0	0.6	0.071428571	0.2	0.0859375	1	1	0.043165468	1	0.3	0.07	1	0
0	0.649928058	0.033225745	1	0.3	0.071428571	0.1	0.15625	1	0	0	1	0.3	0.07	0	0
0	0.398129496	0.022213784	1	0.3	0.785714286	0.2	0.0625	1	1	0.057553957	0	0.3	0.07	1	1
1	0.328489209	0.16935637	1	0.3	0.642857143	0.2	0.143125	1	1	0.100719424	1	0.3	0.07	1	1
0	0.245755396	0.04746535	1	0.3	0.285714286	0.1	0.0209375	0	0	0	1	0.3	0.07	1	0
0	0.303309353	0.479400038	0	0.6	0.285714286	0.2	0.0025	0	0	0	0	0.3	0.07	1	0
0	0.298561151	0.379722802	0	0.6	0.357142857	0.1	0.018125	0	0	0	0	0.3	0.07	1	0
0	0.260143885	0.05695842	0	0.6	0.5	0.1	0.0025	0	0	0	0	0.3	0.07	0	0
0	0.309352518	0.022023923	1	0.3	0.071428571	0.1	0.015625	1	0	0	0	0.3	0.07	0	0
0	0.283021583	0.015758496	0	0.6	0.428571429	0.2	0.0521875	1	0	0	1	0.3	0.07	0	0
0	0.369352518	0.06645149	1	0.3	0.214285714	0.1	0.075625	1	1	0.964028777	1	0.3	0.07	1	1
0	0.378848921	0.02847921	1	0.3	0.857142857	0.7	0	0	0	0	1	0.3	0.07	1	0
0	0.621151079	0.379722802	1	0.3	0.285714286	0.3	0.140625	0	0	0	1	0.3	0.0705	0	0
0	0.287769784	0	1	0.3	0.142857143	0.1	0.03125	0	0	0	0	0.3	0.072	0	0
1	0.32618705	0.091703057	1	0.3	0.285714286	0.1	0.0053125	0	0	0	0	0.3	0.072	0	0
0	0.40647482	0.012720714	0	0.6	0.071428571	0.3	0.09375	1	1	0.115107914	1	0.3	0.072	1	1
0	0.730215827	0.118663376	1	0.3	1	0.8	0	0	0	0	0	0.3	0.0725	0	0
1	0.592374101	0.341750522	1	0.3	0.642857143	0.1	0.03125	1	1	0.043165468	1	0.3	0.0725	0	1
0	0.305755396	0.094930701	1	0.3	0.714285714	0.1	0.09375	0	0	0	0	0.3	0.075	1	1
0	0.607913669	0.104423771	0	0.6	1	0.9	0	0	0	0	1	0.3	0.075	1	0
0	0.506043165	0.460413898	1	0.3	0.428571429	0.1	0.28125	1	1	0.100719424	0	0.3	0.075	1	1
0	0.788920863	0.07594456	1	0.3	0.857142857	0.6	0	1	1	0.287769784	0	0.3	0.076	1	0
0	0.470071942	0.006265426	0	0.6	0.714285714	0.2	0.328125	1	0	0	1	0.3	0.077	0	1
1	0.29381295	0.03797228	0	0.6	0.785714286	0.2	0	0	0	0	1	0.3	0.077	1	0
1	0.72057554	0.109170306	1	0.3	0.928571429	0.1	0.143125	1	1	0.043165468	1	0.3	0.078	0	1
0	0.270935252	0	1	0.3	0.642857143	0.1	0.0415625	0	0	0	0	0.3	0.08	1	0
0	0.245755396	1	1	0.3	0.642857143	0.1	0.0209375	0	1	0.057553957	0	0.3	0.08	1	0
0	0.369352518	0.109083697	0	0.6	0.071428571	0.1	0.09375	0	0	0	1	0.3	0.08	0	0
1	0.231366906	0.408171361	1	0.3	1	0.8	0	0	1	0.014388489	0	0.3	0.08	1	0
1	0.275827338	0.051170171	0	0.6	0.928571429	0.1	0.0365625	1	0	0	1	0.3	0.08	0	0
0	0.310503597	0.119000397	0	0.6	0.214285714	0.1	0.0415625	0	0	0	0	0.3	0.08	0	0
1	0.35971223	0.178500595	1	0.3	0.785714286	0.2	0.065	1	0	0	1	0.3	0.08	1	1
1	0.501151079	0.069416898	0	0.6	0.285714286	0.2	0.03125	0	0	0	1	0.3	0.08	0	0
1	0.338129496	0.008330028	1	0.3	0.714285714	0.1	0.0546875	0	0	0	1	0.3	0.08	0	0
1	0.31294964	0.396667989	0	0.6	0.357142857	0.4	0	0	0	0	0	0.3	0.08	0	0
0	0.383741007	0	0	0.6	0.071428571	0.1	0.0625	1	1	0.071942446	1	0.3	0.08	1	1
0	0.598273381	0.029750099	1	0.3	0.428571429	0.1	0.013125	1	0	0	0	0.3	0.08	0	0
0	0.318992806	0.0099167	1	0.3	0.285714286	0.1	0.0078125	0	0	0	0	0.3	0.08	1	0
0	0.261438849	0.872669576	1	0.3	0.071428571	0.5	0.06	0	1	0.028776978	1	0.3	0.08	1	0
0	0.472374101	0	1	0.3	0.214285714	0.2	0.171875	1	1	0.086330935	0	0.3	0.08	1	1
0	0.338129496	0.00495835	1	0.3	1	0.8	0.28125	0	0	0	0	0.3	0.08	1	0
0	0.248201439	0.059500198	1	0.3	0.428571429	0.1	0.0025	0	0	0	1	0.3	0.08	1	0
0	0.302158273	0.01487505	0	0.6	0.142857143	0.1	0.0678125	1	1	0.115107914	1	0.3	0.08	1	1
1	0.456834532	0.01487505	0	0.6	0.357142857	0.4	0	0	0	0	0	0.3	0.08	1	0
0	0.447194245	0.008131694	1	0.3	0.071428571	0.1	0.15625	0	1	0.028776978	1	0.3	0.08	1	0
0	0.329784173	0.049583499	0	0.6	0.071428571	0.1	0.0103125	0	0	0	0	0.3	0.08	1	0
0	0.334532374	0.043038477	1	0.3	0.071428571	0.3	0.015625	1	0	0	1	0.3	0.08	0	1
1	0.551510791	0.043038477	1	0.3	0.071428571	0.1	0.0078125	0	0	0	0	0.3	0.08	0	0
1	0.528776978	0.138833796	1	0.3	1	0.8	0	0	0	0	0	0.3	0.08	0	0
0	0.297410072	0.099166997	1	0.3	0.642857143	0.1	0.0234375	1	1	0.014388489	0	0.3	0.08	0	0
1	0.32618705	0.158667196	1	0.3	0.071428571	0.1	0.0103125	0	0	0	0	0.3	0.08	0	0
0	0.645035971	0	0	0.6	0.071428571	0.1	0.1015625	0	0	0	0	0.3	0.08	1	0
0	0.29381295	0.099166997	1	0.3	0.428571429	0.1	0.09375	1	1	0.014388489	0	0.3	0.08	1	1
1	0.375251799	0.099166997	1	0.3	0.928571429	0.1	0.0884375	1	0	0	0	0.3	0.08	1	1
0	0.550359712	0.495834986	0	0.6	0.428571429	0.1	0.0078125	0	0	0	0	0.3	0.08	0	0
0	0.335683453	0.099166997	0	0.6	0.714285714	0.1	0.0521875	1	0	0	1	0.3	0.08	1	1
0	0.464028777	0.029750099	0	0.6	1	0.8	0	0	1	0.028776978	0	0.3	0.08	1	0
0	0.492805755	0.257834193	1	0.3	0.714285714	0.3	0.015625	1	0	0	1	0.3	0.0815	0	0
0	0.477266187	0.049583499	1	0.3	0.571428571	0.2	0.40625	1	0	0	1	0.3	0.082	1	1
0	0.539568345	0.119000397	0	0.6	0.071428571	0.3	0.015625	1	0	0	1	0.3	0.082	1	0
1	0.323741007	0.119000397	0	0.6	0.785714286	0.1	0.15375	0	0	0	0	0.3	0.082	0	1
1	0.410071942	0.158667196	1	0.3	0.642857143	0.1	0.0625	1	1	0.028776978	1	0.3	0.0835	1	0
0	0.592374101	0.162038873	1	0.3	0.142857143	0.1	0.0103125	0	0	0	0	0.3	0.084	0	0
0	0.420863309	0.089250298	1	0.3	0.928571429	0.1	0.315	1	1	0.071942446	1	0.3	0.084	0	1
0	0.434100719	0.109083697	0	0.6	0.071428571	0.1	0.0025	0	0	0	0	0.3	0.085	1	0
1	0.411223022	0.069416898	1	0.3	0.285714286	0.3	0.03125	1	0	0	1	0.3	0.0855	0	0
0	0.37294964	0.277667592	1	0.3	0.428571429	0.1	0.0234375	0	1	0.028776978	1	0.3	0.087	1	0
0	0.400431655	0.059500198	0	0.6	0.142857143	0.2	0.1875	0	0	0	0	0.3	0.088	1	0
0	0.588776978	0.178500595	0	0.6	0.785714286	0.2	0.625	1	0	0	1	0.3	0.088	0	0
0	0.449640288	0.021420071	1	0.3	1	0.8	0	0	1	0.071942446	0	0.3	0.088	1	0
0	0.383741007	0.059500198	1	0.3	0.285714286	0.3	0	0	0	0	1	0.3	0.089	0	0
0	0.483165468	0.079333598	0	0.6	0.214285714	0.1	0.0053125	0	0	0	0	0.3	0.09	0	0
0	0.783021583	0.023205077	0	0.6	0.428571429	0.2	0.2475	1	0	0	0	0.3	0.09	1	1
0	0.911223022	0.456168187	1	0.3	0.071428571	0.1	0.0365625	1	1	0.043165468	1	0.3	0.09	0	0
0	0.336978417	0.062871876	1	0.3	0.071428571	0.2	0.0053125	1	0	0	0	0.3	0.09	0	0
0	0.330935252	0.079333598	0	0.6	0.928571429	0.1	0.0078125	1	0	0	0	0.3	0.09	1	0
1	0.352517986	0.006545022	0	0.6	1	0.8	0.03125	1	1	0.043165468	0	0.3	0.09	1	0
0	0.311798561	0.052955177	0	0.6	0.428571429	0.1	0.15625	1	1	0.014388489	0	0.3	0.09	1	0
1	0.398129496	0.006545022	1	0.3	0.714285714	0.1	0.015625	0	0	0	1	0.3	0.09	1	0
0	0.317697842	0.119000397	1	0.3	0.428571429	0.1	0.046875	0	0	0	0	0.3	0.09	0	0
1	0.382446043	0.186830623	0	0.6	1	0.8	0	0	0	0	1	0.3	0.09	1	0
0	0.485611511	0.218167394	1	0.3	0.285714286	0.3	0	0	0	0	0	0.3	0.09	0	0
1	0.478417266	0.099166997	0	0.6	0.928571429	0.1	0.125	0	0	0	0	0.3	0.09	0	0
0	0.745755396	0.021420071	0	0.6	1	0.8	0.09375	0	0	0	0	0.3	0.09	1	0
0	0.477266187	0.013288378	0	0.6	0.071428571	0.2	0.1275	1	1	0.014388489	1	0.3	0.09	1	1
0	0.270935252	0.079333598	0	0.6	1	0.8	0	0	0	0	1	0.3	0.09	1	0
1	0.31294964	0.049583499	1	0.3	0.071428571	0.1	0.015625	0	0	0	1	0.3	0.09	0	0
0	0.318992806	0.244545815	1	0.3	0.071428571	0.1	0.2084375	0	1	0.028776978	1	0.3	0.09	1	0
1	0.363309353	0.067830226	1	0.3	0.142857143	0.1	0.0625	0	0	0	1	0.3	0.09	1	0
0	0.402877698	0.456168187	1	0.3	0.428571429	0.2	0.2603125	1	1	0.028776978	1	0.3	0.0905	0	1
1	0.449640288	0.029750099	1	0.3	0.214285714	0.2	0.0390625	1	1	0.129496403	1	0.3	0.0905	0	1
0	0.701438849	0.099166997	1	0.3	0.071428571	0.2	0.78125	1	1	0.129496403	0	0.3	0.0905	1	1
0	0.563597122	0.515668386	1	0.3	0.071428571	0.1	0.09375	1	1	0.143884892	0	0.3	0.093	1	1
0	0.369352518	0.181872273	0	0.6	0.928571429	0.1	0.25	1	0	0	0	0.3	0.094	0	0
0	0.496402878	0.06108687	0	0.6	0.285714286	0.3	0.53125	1	1	0.100719424	1	0.3	0.0975	0	1
0	0.323741007	0.023205077	0	0.6	0.428571429	0.1	0.0078125	0	0	0	0	0.3	0.1	1	0
0	0.258992806	0.019833399	1	0.3	0.642857143	0.5	0.013125	0	0	0	0	0.3	0.1	1	1
1	0.234964029	0.575168584	1	0.3	0.928571429	0.1	0.0078125	0	0	0	0	0.3	0.1	1	0
0	0.288920863	0.033121777	1	0.3	0.642857143	0.1	0.0078125	0	0	0	0	0.3	0.1	0	0
1	0.526330935	0.052955177	1	0.3	1	0.8	0	0	1	0.143884892	0	0.3	0.1	1	0
0	0.270935252	0.0099167	0	0.6	0.071428571	0.1	0.0103125	0	1	0.014388489	0	0.3	0.1	1	0
0	0.574388489	0.198333994	0	0.6	0.928571429	0.1	0.03125	1	1	0.043165468	0	0.3	0.1	1	1
0	0.392086331	0.277667592	1	0.3	0.928571429	0.1	0.0284375	1	0	0	1	0.3	0.1	0	0
1	0.32618705	0.099166997	1	0.3	0.071428571	0.1	0.125	0	1	0.028776978	1	0.3	0.1	1	0
1	0.339280576	0.168583895	1	0.3	0.642857143	0.1	0.0259375	0	1	0.014388489	1	0.3	0.1	1	0
0	0.363309353	0.454581515	1	0.3	0.928571429	0.1	0.03125	0	0	0	0	0.3	0.1	0	0
1	0.365755396	0.218167394	1	0.3	0.642857143	0.1	0.080625	1	1	0.028776978	0	0.3	0.1	0	0
0	0.423309353	0.059500198	1	0.3	0.714285714	0.1	0.109375	0	0	0	0	0.3	0.1	0	0
0	0.75294964	0	0	0.6	0.071428571	0.2	0.59125	1	0	0	1	0.3	0.1	1	0
0	0.344172662	0.578540262	1	0.3	0.142857143	0.2	0.1171875	1	1	0.086330935	0	0.3	0.1	1	1
1	0.330935252	0.006743356	1	0.3	0.357142857	0.4	0	0	1	0.014388489	0	0.3	0.1	1	0
0	0.477266187	0.277667592	0	0.6	0.214285714	0.1	0.21875	0	0	0	1	0.3	0.1	1	0
0	0.707482014	0.198333994	1	0.3	1	0.8	0.018125	0	0	0	0	0.3	0.1	1	0
0	0.294964029	0.495834986	1	0.3	0.071428571	0.1	0.125	1	1	0.158273381	1	0.3	0.1	1	1
1	0.350071942	0.021420071	0	0.6	0.285714286	0.3	0.28125	0	0	0	0	0.3	0.1	1	0
1	0.459280576	0.049583499	1	0.3	1	0.8	0.19	0	1	0.028776978	1	0.3	0.1	1	0
0	0.522733813	0.064458548	1	0.3	0.714285714	0.1	0.0728125	1	0	0	1	0.3	0.1	0	0
0	0.384892086	0.08092027	0	0.6	0.071428571	0.3	0.15625	0	0	0	0	0.3	0.1	1	0
0	0.574388489	0.023205077	1	0.3	0.642857143	0.1	0.0025	1	1	0.014388489	0	0.3	0.1	1	1
0	0.29381295	0.495834986	1	0.3	0.071428571	0.1	0.1015625	1	1	0.043165468	0	0.3	0.1	1	1
1	0.298561151	0.082705276	1	0.3	0.285714286	0.1	0.0025	0	0	0	0	0.3	0.1	1	0
0	0.278129496	0.201705672	1	0.3	0.071428571	0.3	0.0365625	0	1	0.028776978	1	0.3	0.1	1	0
0	0.35971223	0.01487505	1	0.3	0.071428571	0.1	0.15625	1	1	0.244604317	0	0.3	0.1	1	1
0	0.816546763	0.257834193	1	0.3	0.5	0.1	0.078125	1	1	0.057553957	1	0.3	0.1	0	1
1	0.363309353	0.013288378	0	0.6	1	0.8	0.125	0	1	0.014388489	1	0.3	0.1	1	0
0	0.443597122	0	1	0.3	0.714285714	0.1	0.078125	1	1	0.014388489	0	0.3	0.101	0	1
0	0.483165468	0.238000793	1	0.3	0.5	0.1	0.265625	1	1	0.086330935	0	0.3	0.102	0	1
0	0.339280576	0.322292741	0	0.6	0.714285714	0.1	0.1640625	1	1	0.086330935	1	0.3	0.104	1	0
0	0.503597122	0.026378421	1	0.3	0.285714286	0.1	0.0625	0	0	0	1	0.3	0.105	0	0
0	0.520431655	0.123958747	1	0.3	0.285714286	0.3	0.3125	0	0	0	0	0.3	0.105	1	0
0	0.383741007	0.0099167	0	0.6	0.214285714	0.1	0.328125	1	1	0.014388489	0	0.3	0.1055	0	1
1	0.485611511	0.112455375	1	0.3	0.428571429	0.3	0.0625	1	1	0.043165468	1	0.3	0.106	0	0
0	0.405323741	0.119000397	0	0.6	0.428571429	0.1	0.0053125	0	0	0	0	0.3	0.108	1	0
0	0.597122302	0.031336771	1	0.3	0.285714286	0.3	0.21875	0	0	0	0	0.3	0.108	0	1
0	0.429208633	0.059500198	1	0.3	0.071428571	0.1	0.0103125	0	0	0	0	0.3	0.108	0	0
0	0.416115108	0.018246727	1	0.3	0.071428571	0.1	0.018125	0	0	0	0	0.3	0.11	1	0
0	0.603165468	0.049583499	1	0.3	0.071428571	0.2	0.013125	1	1	0.086330935	0	0.3	0.11	1	1
1	0.281726619	0.00495835	1	0.3	0.714285714	0.1	0.1040625	0	0	0	0	0.3	0.11	1	0
0	0.398129496	0.07100357	1	0.3	0.642857143	0.2	0.0103125	0	0	0	1	0.3	0.11	1	0
0	0.339280576	0.027965093	1	0.3	0.285714286	0.2	0.0053125	0	0	0	1	0.3	0.11	1	0
1	0.297410072	0.100753669	1	0.3	0.642857143	0.1	0.1303125	1	1	0.071942446	0	0.3	0.11	1	1
0	0.514388489	0.099166997	1	0.3	0.714285714	0.1	0.0078125	0	1	0.028776978	0	0.3	0.11	1	0
1	0.327338129	0.043038477	1	0.3	0.928571429	0.1	0.0103125	0	0	0	0	0.3	0.11	1	0
1	0.441294964	0.049583499	1	0.3	0.071428571	0.1	0.125	1	1	0.014388489	0	0.3	0.11	1	1
0	0.527625899	0.033121777	1	0.3	0.285714286	0.1	0.015625	0	0	0	1	0.3	0.1105	0	0
0	0.429208633	0.08587862	0	0.6	0.428571429	0.1	0.015625	0	0	0	0	0.3	0.112	0	0
0	0.552805755	0.049583499	1	0.3	0.071428571	0.1	0.0234375	0	1	0.028776978	0	0.3	0.1125	1	0
0	0.697841727	0.08092027	1	0.3	0.5	0.1	0.0078125	1	0	0	1	0.3	0.1125	0	1
1	0.543165468	0.033121777	1	0.3	0.642857143	0.1	0.0078125	1	0	0	1	0.3	0.114	0	1
0	0.420863309	0.090836969	1	0.3	0.142857143	0.2	0.03125	0	0	0	0	0.3	0.114	0	0
0	0.511942446	0.013288378	1	0.3	0.428571429	0.1	0.09375	0	0	0	1	0.3	0.1155	0	0
0	0.528776978	0.119000397	0	0.6	0.071428571	0.1	0.09375	0	0	0	1	0.3	0.116	1	1
1	0.922014388	0.125545418	1	0.3	1	0.8	0	1	1	0.014388489	0	0.3	0.116	1	1
0	0.491654676	0.06108687	1	0.3	0.285714286	0.3	0.15625	0	0	0	1	0.3	0.116	1	0
0	0.465179856	0.039666799	1	0.3	0.428571429	0.1	0.03125	0	0	0	1	0.3	0.116	0	0
0	0.502446043	0.107497025	1	0.3	0.714285714	0.1	0	1	0	0	1	0.3	0.1195	1	1
0	0.288920863	0	1	0.3	0.642857143	0.1	0.0625	0	1	0.014388489	0	0.3	0.12	1	1
1	0.243453237	0.023205077	1	0.3	0.285714286	0.1	0.0103125	0	1	0.086330935	1	0.3	0.12	1	0
0	0.344172662	0.006545022	0	0.6	0.214285714	0.2	0.0078125	0	0	0	0	0.3	0.12	1	0
1	0.341726619	0.049583499	1	0.3	0.714285714	0.1	0.015625	0	1	0.014388489	1	0.3	0.12	1	0
0	0.426906475	0.034708449	0	0.6	0.071428571	0.1	0.0025	0	0	0	0	0.3	0.12	0	0
0	0.524028777	0	0	0.6	0.142857143	0.1	0.0365625	0	0	0	0	0.3	0.12	1	0
1	0.723021583	0.198333994	1	0.3	0.928571429	0.1	0.03125	0	0	0	1	0.3	0.12	1	0
1	0.598273381	0.107497025	1	0.3	0.928571429	0.1	0.0415625	0	0	0	0	0.3	0.12	1	0
0	0.426906475	0.119000397	1	0.3	0.714285714	0.2	0.046875	1	1	0.014388489	0	0.3	0.12	1	1
1	0.270935252	0	0	0.6	0.071428571	0.2	0.1875	1	0	0	0	0.3	0.12	0	1
0	0.489208633	0.446251488	1	0.3	0.928571429	0.1	0.0625	1	0	0	1	0.3	0.12	0	0
0	0.564748201	0.00495835	1	0.3	0.5	0.1	0.40625	1	1	0.201438849	0	0.3	0.12	1	1
0	0.455683453	0.06604522	1	0.3	0.142857143	0.1	0.1875	1	1	0.129496403	0	0.3	0.125	1	1
1	0.821294964	0.044625149	1	0.3	0.285714286	0.3	0.0625	1	0	0	1	0.3	0.126	1	0
0	0.482014388	0.277667592	1	0.3	0.785714286	0.2	0.28125	1	1	0.057553957	1	0.3	0.1265	1	1
0	0.34647482	0.119000397	1	0.3	0.5	0.1	0.0053125	0	1	0.057553957	0	0.3	0.127	1	0
0	0.424460432	0.064458548	0	0.6	0.857142857	0.2	0.125	0	0	0	0	0.3	0.128	1	0
0	0.366906475	0.168583895	1	0.3	0.5	0.1	0.015625	1	1	0.043165468	0	0.3	0.13	1	1
1	0.29971223	0.026378421	0	0.6	0.857142857	0.7	0.0625	0	0	0	0	0.3	0.13	0	0
0	0.399280576	0.059500198	0	0.6	0.214285714	0.1	0.015625	1	1	0.028776978	0	0.3	0.13	1	1
0	0.405323741	0.71896073	1	0.3	0.928571429	0.1	0.0025	0	0	0	0	0.3	0.13	1	0
0	0.388489209	0	0	0.6	0.714285714	0.1	0.0234375	1	0	0	1	0.3	0.13	1	1
0	0.858561151	0.029750099	1	0.3	0.642857143	0.1	0.0078125	1	0	0	1	0.3	0.13	0	1
0	0.430503597	0.218167394	1	0.3	0.071428571	0.2	0.2709375	1	0	0	0	0.3	0.13	1	1
1	0.537122302	0.011503372	1	0.3	0.285714286	0.2	0.013125	0	0	0	0	0.3	0.13	1	0
0	0.328489209	0.095795319	1	0.3	0.5	0.1	0.080625	1	1	0.014388489	0	0.3	0.13	1	1
0	0.303309353	0.034708449	0	0.6	0.857142857	0.2	0.078125	0	0	0	0	0.3	0.13	0	0
0	0.353669065	0.019833399	1	0.3	0.714285714	0.1	0.0546875	1	0	0	1	0.3	0.13	0	0
0	0.652230216	0.011503372	1	0.3	0.642857143	0.1	0.0078125	0	0	0	1	0.3	0.1315	0	0
1	0.323741007	0.072788576	0	0.6	0.642857143	0.1	0.1875	1	0	0	1	0.3	0.134	0	0
1	0.392086331	0.119000397	1	0.3	0.5	0.2	0.0078125	0	1	0.014388489	1	0.3	0.136	1	0
0	0.365755396	0.122372075	1	0.3	0.714285714	0.1	0.0103125	0	1	0.014388489	0	0.3	0.136	1	0
1	0.460431655	0.054541848	1	0.3	0.142857143	0.1	0.078125	0	0	0	0	0.3	0.136	0	0
0	0.495251799	0.092621975	1	0.3	0.285714286	0.3	0.203125	1	1	0.028776978	0	0.3	0.137	1	1
1	0.376546763	0.162038873	1	0.3	0.357142857	0.4	0	0	0	0	1	0.3	0.138	1	0
0	0.490359712	0.462713209	0	0.6	0.5	0.3	0.0025	1	1	0.014388489	1	0.3	0.14	1	1
0	0.257841727	0.163625545	1	0.3	0.928571429	0.1	0.0025	0	0	0	0	0.3	0.14	1	0
0	0.556402878	0.257834193	1	0.3	0.428571429	0.1	0.0053125	1	0	0	1	0.3	0.14	0	1
0	0.304604317	0.158667196	0	0.6	0.071428571	0.2	0.015625	0	0	0	0	0.3	0.14	1	0
0	0.28057554	0.016461722	1	0.3	0.428571429	0.1	0.018125	0	0	0	0	0.3	0.14	1	0
0	0.320143885	0.079333598	1	0.3	0.428571429	0.1	0.0078125	0	0	0	1	0.3	0.14	1	0
1	0.352517986	0.033121777	1	0.3	0.642857143	0.2	0.09375	1	0	0	0	0.3	0.14	1	1
0	0.304604317	0.099166997	0	0.6	0.071428571	0.2	0.015625	0	0	0	0	0.3	0.14	1	0
0	0.374100719	0.456168187	1	0.3	0.642857143	0.1	0.109375	1	0	0	1	0.3	0.14	0	1
1	0.424460432	0.107497025	0	0.6	0.785714286	0.1	0.0625	0	0	0	0	0.3	0.14	1	0
1	0.320143885	0.019833399	0	0.6	1	0.8	0.203125	0	0	0	0	0.3	0.14	0	0
1	0.425611511	0.125545418	0	0.6	0.428571429	0.1	0.078125	0	0	0	1	0.3	0.14	0	0
0	0.465179856	0.376834589	1	0.3	0.071428571	0.1	0.078125	0	0	0	1	0.3	0.14	0	0
0	0.474820144	0.016461722	0	0.6	0.714285714	0.1	0.4375	0	0	0	1	0.3	0.14	0	0
1	0.396834532	0.042840143	1	0.3	0.5	0.1	0.174375	0	1	0.014388489	1	0.3	0.14	1	0
0	0.338129496	0.753669179	0	0.6	0.428571429	0.1	0.0259375	0	1	0.014388489	1	0.3	0.14	1	0
1	0.356115108	0.00495835	1	0.3	0.642857143	0.2	0.09375	0	0	0	0	0.3	0.14	1	0
0	0.491654676	0.528956763	1	0.3	0.714285714	0.1	0.0053125	0	0	0	1	0.3	0.145	1	1
0	0.332086331	0.140420468	1	0.3	0.714285714	0.2	0.1328125	1	1	0.158273381	1	0.3	0.145	1	1
0	0.471223022	0.039666799	1	0.3	0.142857143	0.2	0.359375	0	0	0	1	0.3	0.146	0	0
1	0.484460432	0.029750099	1	0.3	0.214285714	0.1	0.0234375	0	0	0	0	0.3	0.15	1	1
0	0.619856115	0.034708449	0	0.6	0.071428571	0.1	0.0234375	1	1	0.115107914	1	0.3	0.15	1	1
0	0.428057554	0.376834589	1	0.3	0.714285714	0.1	0.015625	0	0	0	1	0.3	0.15	0	0
1	0.412517986	0.469456565	1	0.3	0.071428571	0.1	0.15625	1	1	0.071942446	1	0.3	0.15	1	1
0	0.56	0.175128917	1	0.3	0.428571429	0.1	0.03125	0	0	0	1	0.3	0.15	1	0
0	0.446043165	0.376834589	1	0.3	0.071428571	0.1	0.0053125	0	0	0	0	0.3	0.15	0	0
0	0.402877698	0.034708449	1	0.3	0.714285714	0.1	0.046875	0	0	0	1	0.3	0.15	1	0
0	0.543165468	0.36691789	1	0.3	0.642857143	0.2	0.71875	1	1	0.100719424	1	0.3	0.15	1	0
1	0.330935252	0.019833399	1	0.3	0.785714286	0.2	0.03125	1	1	0.028776978	1	0.3	0.15	1	1
0	0.455683453	0.277667592	1	0.3	0.785714286	0.1	0.0834375	1	1	0.115107914	1	0.3	0.1515	1	1
0	0.520431655	0.158667196	0	0.6	0.714285714	0.1	0.018125	0	0	0	1	0.3	0.1545	1	0
0	0.459280576	0.198333994	1	0.3	0.214285714	0.2	0.3775	1	1	0.043165468	0	0.3	0.1555	1	1
0	0.370503597	0.006545022	1	0.3	0.071428571	0.1	0.09125	1	1	0.071942446	1	0.3	0.156	0	1
0	0.388489209	0.203292344	1	0.3	0.071428571	0.2	0.265625	1	1	0.043165468	1	0.3	0.156	1	1
1	0.230215827	0.148750496	1	0.3	0.928571429	0.1	0.0625	0	1	0.028776978	1	0.3	0.16	1	0
0	0.637841727	0.773502578	1	0.3	0.285714286	0.2	0.3125	1	0	0	1	0.3	0.16	0	1
0	0.454388489	0.35700119	0	0.6	0.928571429	0.1	0.21875	0	0	0	1	0.3	0.16	0	0
1	0.488057554	0.119000397	0	0.6	1	0.8	0	1	0	0	0	0.3	0.16	0	0
0	0.351366906	0.476001587	1	0.3	0.857142857	0.7	0.0103125	0	1	0.028776978	0	0.3	0.16	1	0
0	0.842877698	0.190003967	1	0.3	0.071428571	0.1	0.1509375	0	0	0	1	0.3	0.16	0	0
0	0.592374101	0.158667196	1	0.3	0.214285714	0.2	0.4375	1	1	0.115107914	0	0.3	0.16	0	1
0	0.527625899	0.158667196	0	0.6	0.428571429	0.1	0.015625	1	1	0.143884892	1	0.3	0.16	0	1
0	0.261438849	0	1	0.3	0.071428571	0.2	0.0678125	0	0	0	0	0.3	0.16	1	0
1	0.315395683	0.395081317	1	0.3	0.428571429	0.2	0.0053125	0	0	0	0	0.3	0.16	1	0
0	0.520431655	0.100753669	1	0.3	0.714285714	0.1	0.0053125	0	0	0	0	0.3	0.16	1	0
0	0.41971223	0.416501388	1	0.3	0.714285714	0.1	0.21875	1	1	0.043165468	1	0.3	0.1645	0	0
0	0.425611511	0.198333994	1	0.3	0.714285714	0.1	0.46875	1	1	0.028776978	1	0.3	0.165	0	1
0	0.434100719	0.029750099	1	0.3	0.214285714	0.1	0.1953125	1	1	0.115107914	0	0.3	0.165	1	1
1	0.679856115	0.01487505	1	0.3	0.642857143	0.2	0.171875	1	1	0.014388489	0	0.3	0.1665	1	1
0	0.368057554	0.067830226	1	0.3	0.428571429	0.2	0.21875	0	0	0	1	0.3	0.17	0	0
0	0.424460432	0.297500992	1	0.3	0.714285714	0.1	0.018125	0	1	0.014388489	0	0.3	0.17	1	0
0	0.477266187	0.209837366	1	0.3	0.785714286	0.1	0.046875	1	1	0.100719424	1	0.3	0.17	1	1
1	0.39323741	0.119000397	1	0.3	1	0.8	0	0	0	0	0	0.3	0.17	1	0
1	0.261438849	0.337167791	0	0.6	0.642857143	0.2	0.0103125	0	0	0	0	0.3	0.17	0	0
1	0.294964029	0.06604522	1	0.3	0.071428571	0.2	0.375	1	0	0	0	0.3	0.17	0	1
0	0.5	0.059500198	1	0.3	0.214285714	0.3	0.03125	0	0	0	0	0.3	0.174	0	0
0	0.370503597	0.069416898	1	0.3	0.071428571	0.3	0.015625	1	0	0	0	0.3	0.1745	1	1
0	0.281726619	0.013288378	1	0.3	1	0.8	0	0	1	0.043165468	0	0.3	0.175	1	0
0	0.698992806	0.280840936	1	0.3	0.642857143	0.2	0.375	1	0	0	1	0.3	0.175	0	1
0	0.231366906	1	1	0.3	0.071428571	0.1	0.109375	1	1	0.071942446	1	0.3	0.176	1	1
0	0.616258993	0.093539704	1	0.3	0.5	0.1	0.8671875	0	1	0.014388489	1	0.3	0.176	1	0
0	0.314100719	0.030058322	1	0.3	0.428571429	0.1	0.0053125	0	0	0	1	0.3	0.178	0	0
0	0.315395683	0.100942127	1	0.3	0.071428571	0.1	0.0078125	0	0	0	0	0.3	0.18	0	0
1	0.364460432	0.037460745	1	0.3	0.071428571	0.2	0.171875	1	0	0	1	0.3	0.18	1	0
1	0.362158273	0.112157918	1	0.3	0.785714286	0.2	0.0546875	1	0	0	0	0.3	0.18	0	1
0	0.275827338	0.07110812	0	0.6	0.285714286	0.1	0.0625	0	0	0	1	0.3	0.18	1	0
0	0.461582734	0.056078959	1	0.3	0.5	0.1	0.15625	1	0	0	1	0.3	0.18	0	1
1	0.357266187	0.141991925	1	0.3	0.714285714	0.1	0.0625	0	0	0	1	0.3	0.18	1	0
0	0.832086331	0.078510543	1	0.3	0.5	0.1	0.875	1	1	0.086330935	1	0.3	0.18	1	1
0	0.396834532	0.24674742	0	0.6	0.642857143	0.2	0.3178125	0	1	0.028776978	1	0.3	0.1845	1	0
0	0.396834532	0.067294751	0	0.6	0.928571429	0.1	0.125	1	1	0.043165468	1	0.3	0.185	1	1
1	0.360863309	0.134589502	0	0.6	0.928571429	0.1	0.015625	1	0	0	1	0.3	0.185	0	1
1	0.413669065	0.448631673	1	0.3	0.071428571	0.1	0.0678125	1	1	0.014388489	1	0.3	0.1855	0	1
0	0.464028777	0.170031404	1	0.3	0.071428571	0.1	0.015625	0	0	0	1	0.3	0.186	1	0
1	0.682302158	0.046657694	1	0.3	0.857142857	0.3	0.40625	1	1	0.086330935	0	0.3	0.1875	1	1
1	0.28057554	0.493494841	1	0.3	0.642857143	0.1	0.0025	0	0	0	1	0.3	0.19	0	0
0	0.698992806	0.020637057	0	0.6	0.428571429	0.1	0.015625	1	1	0.158273381	0	0.3	0.19	1	1
1	0.424460432	0.067294751	1	0.3	0.428571429	0.1	0.03375	1	1	0.057553957	0	0.3	0.19	1	1
0	0.477266187	0.044863167	0	0.6	0.785714286	0.1	0.1978125	1	1	0.043165468	1	0.3	0.19	0	1
0	0.412517986	0.538358008	1	0.3	0.642857143	0.2	0.3540625	1	1	0.086330935	0	0.3	0.1905	1	1
0	0.555107914	1	1	0.3	0.714285714	0.1	0.25	1	1	0.201438849	0	0.3	0.1915	1	1
0	0.460431655	0.5	0	0.6	0.857142857	0.2	0.0025	1	0	0	1	0.3	0.1965	0	1
0	0.360863309	0.75	1	0.3	0.785714286	0.1	0.1040625	1	1	0.014388489	1	0.3	0.1975	1	1
0	0.40647482	0.16675	1	0.3	0.5	0.1	0.06	1	1	0.043165468	1	0.3	0.198	0	1
1	0.663021583	0.5625	1	0.3	0.071428571	0.1	0.1484375	1	1	0.115107914	1	0.3	0.198	1	1
0	0.392086331	0.021	1	0.3	0.214285714	0.2	0.3178125	1	1	0.129496403	0	0.3	0.1995	1	1
0	0.565899281	0.225	1	0.3	0.214285714	0.2	0.625	1	1	0.201438849	1	0.3	0.1995	0	1
0	0.604316547	0.073	1	0.3	0.285714286	0.2	0.3203125	1	0	0	0	0.3	0.2	0	1
1	0.353669065	0.002	1	0.3	0.928571429	0.2	0.109375	1	0	0	0	0.3	0.2	0	0
0	0.32618705	0.1145	1	0.3	0.285714286	0.1	0.0990625	0	1	0.014388489	1	0.3	0.2	1	0
0	0.423309353	0.6165	1	0.3	0.071428571	0.2	0.015625	0	1	0.028776978	1	0.3	0.2	1	0
0	0.538417266	0.05625	1	0.3	0.714285714	0.1	0.0025	1	0	0	1	0.3	0.2	1	1
1	0.35971223	0.075	1	0.3	0.214285714	0.2	0.21875	1	1	0.086330935	0	0.3	0.2	1	1
0	0.470071942	0.61675	1	0.3	0.642857143	0.2	0.34375	1	1	0.172661871	1	0.3	0.204	1	1
0	0.685899281	0.252	1	0.3	0.5	0.3	0.15625	1	1	0.172661871	1	0.3	0.205	1	1
0	0.369352518	0.15	1	0.3	0.071428571	0.2	0.143125	0	1	0.014388489	1	0.3	0.208	1	0
0	0.316546763	0.575	1	0.3	0.714285714	0.1	0.018125	0	1	0.014388489	0	0.3	0.21	1	0
0	0.40647482	0.14375	1	0.3	0.785714286	0.1	0.296875	1	1	0.028776978	0	0.3	0.21	1	1
0	0.335683453	0.01875	1	0.3	0.071428571	0.2	0.0884375	1	0	0	0	0.3	0.211	1	1
0	0.539568345	0.04575	0	0.6	0.142857143	0.1	0.09375	0	0	0	1	0.3	0.2155	0	1
0	0.464028777	0.1375	0	0.6	0.071428571	0.2	0.203125	1	1	0.014388489	1	0.3	0.216	1	1
0	0.400431655	0.15	1	0.3	0.714285714	0.1	0.125	1	1	0.158273381	1	0.3	0.217	1	1
1	0.671510791	0.027	1	0.3	0.214285714	0.2	0.0259375	1	1	0.158273381	1	0.3	0.22	1	1
1	0.465179856	0.7	1	0.3	0.214285714	0.1	0.0025	1	0	0	0	0.3	0.22	1	1
0	0.495251799	0.5	1	0.3	0.285714286	0.3	0.0078125	0	0	0	1	0.3	0.22	1	0
1	0.411223022	0.00825	1	0.3	0.642857143	0.1	0.1509375	1	0	0	1	0.3	0.22	0	0
0	0.490359712	0.025	1	0.3	0.928571429	0.1	0.0078125	1	0	0	1	0.3	0.2215	0	0
0	0.525179856	0.3	1	0.3	0.642857143	0.1	0.21875	0	0	0	0	0.3	0.227	1	0
1	0.589928058	0.08125	0	0.6	0.642857143	0.2	0.0078125	1	1	0.330935252	1	0.3	0.2275	1	1
0	0.490359712	0.3	1	0.3	0.071428571	0.1	0.0625	0	0	0	0	0.3	0.23	1	0
0	0.425611511	0.0415	1	0.3	0.5	0.1	0.125	0	1	0.014388489	1	0.3	0.23	1	0
0	0.678705036	0.002	1	0.3	0.714285714	0.1	0.34375	0	0	0	0	0.3	0.2325	1	0
0	0.595971223	0.2125	1	0.3	0.642857143	0.2	0.3125	1	1	0.086330935	1	0.3	0.235	0	1
0	0.563597122	0.45	1	0.3	0.785714286	0.1	0.0078125	1	1	0.071942446	1	0.3	0.24	0	1
1	0.562302158	0.75	1	0.3	0.071428571	0.1	0.1875	0	0	0	0	0.3	0.24	0	0
0	0.489208633	0.8875	0	0.6	0.285714286	0.3	0.0678125	0	0	0	1	0.3	0.24	0	0
0	0.398129496	1	1	0.3	0.714285714	0.1	0.359375	1	0	0	1	0.3	0.2435	1	1
1	0.370503597	1	1	0.3	0.071428571	0.2	0.0546875	1	0	0	1	0.3	0.2455	0	1
0	0.605467626	0.125	1	0.3	0.714285714	0.1	0.3125	1	1	0.086330935	1	0.3	0.25	1	1
0	0.600719424	0.041428571	1	0.3	0.785714286	0.1	0.15625	1	0	0	0	0.3	0.255	1	1
0	0.506043165	0.464285714	1	0.3	0.785714286	0.2	0.1015625	1	1	0.014388489	1	0.3	0.2575	1	1
1	0.682302158	0.053571429	1	0.3	0.785714286	0.1	0.8671875	1	1	0.028776978	1	0.3	0.2595	1	1
0	0.347769784	0	1	0.3	0.642857143	0.1	0.2890625	1	1	0.028776978	1	0.3	0.26	1	1
0	0.491654676	0.375	1	0.3	0.214285714	0.1	0.09625	1	1	0.014388489	1	0.3	0.26	1	1
0	0.688201439	0.015	1	0.3	0.785714286	0.3	0.0053125	0	0	0	1	0.3	0.26	0	0
0	0.549208633	0.053571429	1	0.3	0.785714286	0.1	0.15625	1	1	0.086330935	0	0.3	0.26	1	1
0	0.457985612	0.214285714	1	0.3	0.928571429	0.1	0.46875	1	0	0	1	0.3	0.2615	0	0
0	0.574388489	0.428571429	1	0.3	0.285714286	0.3	0.013125	0	0	0	0	0.3	0.275	0	0
0	0.621151079	0.008928571	1	0.3	0.285714286	0.3	0.046875	1	0	0	0	0.3	0.28	0	0
0	0.392086331	0.1725	1	0.3	0.214285714	0.2	0.1146875	1	1	0.172661871	1	0.3	0.2915	1	1
0	0.218273381	0.032857143	1	0.3	0.857142857	0.1	0.0625	0	0	0	0	0.3	0.3	0	0
0	0.387338129	0.125	1	0.3	0.285714286	0.3	0.03125	0	0	0	1	0.3	0.32	1	0
0	0.507194245	0.089285714	1	0.3	0.785714286	0.2	0.234375	1	0	0	1	0.3	0.34	0	0
0	0.473669065	0.017857143	1	0.3	0.928571429	0.1	0.109375	0	1	0.028776978	1	0.3	0.36	0	0
0	0.394532374	0.041785714	1	0.3	0.928571429	0.3	0.015625	0	0	0	1	0.3	0.36	0	0
0	0.622302158	0.125	1	0.3	0.642857143	0.2	0.013125	1	1	0.014388489	0	0.3	0.38	1	0
0	0.315395683	0.002857143	0	0.6	0.785714286	0.1	0.0025	1	1	0.014388489	1	0.3	0.42	1	1
1	0.555107914	0.25	1	0.3	0.214285714	0.1	0.84375	1	0	0	1	0.3	0.49	0	0
1	0.281726619	0.002857143	0	0.6	0.071428571	0.1	0.0625	0	1	0.014388489	0	0.3	1	1	0
0	0.484460432	0.2975	1	0.3	0.071428571	0.1	0.09375	0	0	0	0	0.6	0.103448276	0	0
0	0.251798561	0.089285714	0	0.9	1	0.9	0	0	0	0	1	0.6	0.387931034	1	1
0	0.304604317	0	1	0.3	0.071428571	0.1	0.03125	0	0	0	1	0.9	0	0	0
0	0.332086331	0	1	0.3	0.428571429	0.1	0.0625	0	1	0.158273381	0	0.9	0	0	0
0	0.32618705	0.779642857	1	0.3	0.071428571	0.4	0.140625	0	0	0	1	0.9	0	0	1
0	0.329784173	0.315357143	1	0.3	0.5	0.1	0.0053125	0	0	0	0	0.9	0	0	0
0	0.442446043	0.089285714	1	0.3	0.142857143	0.1	0.0365625	0	0	0	1	0.9	0	0	0
0	0.616258993	0.053571429	1	0.3	0.642857143	0.1	0.28625	1	0	0	0	0.9	0	0	1
1	1	1	1	0.3	1	0.8	0	0	0	0	0	0.9	0	0	0
0	0.829739359	0.351851852	0	0.6	0.142857143	0.1	0.09375	1	0	0	0	0.9	0	0	0
0	0.468779299	0.771481481	1	0.3	0.928571429	0.1	0.1875	1	0	0	1	0.9	0.017241379	0	1
0	0.650103131	0.166666667	1	0.3	0.5	0.1	0.0728125	0	0	0	0	0.9	0.024137931	0	0
0	0.384399025	0.012222222	0	0.6	0.071428571	0.1	0.15625	1	0	0	0	0.9	0.034482759	0	1
1	1	0	1	0.3	1	0.8	0	0	0	0	1	0.9	0.053448276	1	0
1	0.439685496	0	1	0.3	0.285714286	0.3	0.03125	1	1	0.082764329	0	0.9	0.068965517	0	1
0	0.548313677	0.058518519	0	0.6	1	0.9	0.0053125	0	0	0	0	0.9	0.068965517	0	0
0	0.632733292	0.888888889	0	0.6	0.538461538	0.1	0.0078125	0	0	0	1	0.9	0.068965517	0	0
0	0.365611421	0.58037037	1	0.3	0.076923077	0.1	0.015625	0	0	0	0	0.9	0.068965517	0	0
0	0.491413201	0.188148148	1	0.3	0.076923077	0.1	0.1303125	0	0	0	0	0.9	0.068965517	0	0
1	0.625905235	0.962962963	1	0.3	0.461538462	0.1	0.34375	0	0	0	1	0.9	0.086206897	0	0
0	0.503414029	0.049259259	0	0.6	0.153846154	0.1	0.34375	1	0	0	1	0.9	0.086206897	0	1
0	1	0.092592593	1	0.3	0.538461538	0.1	1	1	0	0	0	0.9	0.094827586	0	1
0	0.418725348	0.021481481	1	0.3	0.769230769	0.1	0.159069767	1	0	0	0	0.9	0.103448276	0	1
0	0.5760847	0.111111111	1	0.3	0.461538462	0.2	0.023255814	0	0	0	1	0.9	0.120689655	0	0
1	0.467095703	0.16037037	1	0.3	0.307692308	0.1	0.031162791	0	0	0	1	0.9	0.124137931	0	0
1	0.47062487	0.052592593	1	0.3	0.692307692	0.1	0.069767442	0	0	0	0	0.9	0.137931034	0	0
0	0.645214864	0.182222222	0	0.6	0.769230769	0.1	0.00372093	0	0	0	0	0.9	0.137931034	0	0
0	0.351255968	0.037037037	0	0.6	0.461538462	0.1	0.026976744	0	0	0	0	0.9	0.172413793	0	0
0	0.337346896	0.71	1	0.3	0.538461538	0.1	0.007906977	1	0	0	0	0.9	0.172413793	0	0
0	0.723064148	0.268518519	0	0.6	0.769230769	0.1	0.279069767	0	0	0	0	0.9	0.172413793	0	0
0	0.813161719	0.055555556	0	0.6	0.307692308	0.2	0.930232558	0	0	0	1	0.9	0.172413793	0	0
0	1	0.203703704	1	0.3	1	0.1	0.325581395	1	0	0	0	0.9	0.198275862	0	1
0	0.459333333	0.166666667	0	0.6	0.083333333	0.1	0.186046512	0	0	0	1	0.9	0.206896552	0	0
1	1	0.055555556	1	0.3	0.5	0.2	0.093023256	0	0	0	1	0.9	0.206896552	0	0
0	0.685423729	0.518518519	1	0.3	0.166666667	0.2	0.007906977	0	0	0	1	0.9	0.217241379	0	0
0	0.412429379	0.031111111	1	0.3	0.166666667	0.1	0.023255814	0	0	0	1	0.9	0.24137931	0	0
0	0.529265537	0.197407407	1	0.3	0.083333333	0.1	0.046511628	0	0	0	1	0.9	0.24137931	0	0
0	0.649717514	0.62962963	1	0.3	0.5	0.1	0.046511628	1	0	0	0	0.9	0.24137931	0	0
1	0.642259887	0.666666667	1	0.3	0.833333333	0.1	0.077674419	1	0	0	0	0.9	0.24137931	0	1
0	0.84	0.024814815	1	0.3	0.083333333	0.3	0.465116279	1	0	0	1	0.9	0.24137931	0	0
0	0.900112994	0.277777778	1	0.3	0.583333333	0.1	0.023255814	1	0	0	0	0.9	0.248275862	0	0
1	0.408587571	0.277777778	0	0.9	0.25	0.8	0.930232558	0	0	0	1	0.9	0.25862069	0	1
0	0.525423729	0.564814815	1	0.3	0.083333333	0.1	0.077674419	1	0	0	0	0.9	0.25862069	0	1
0	0.917062147	0.030740741	1	0.3	0.333333333	0.3	0	0	0	0	0	0.9	0.25862069	0	0
0	0.519774011	0.851851852	1	0.3	0.583333333	0.1	0.046511628	0	0	0	1	0.9	0.275862069	0	0
0	0.519774011	0.061481481	1	0.3	0.583333333	0.1	0.046511628	1	0	0	1	0.9	0.275862069	0	0
0	0.693107345	0.37037037	1	0.3	0.25	0.2	0.209302326	0	0	0	1	0.9	0.293103448	0	0
1	0.625310734	0.240740741	1	0.3	0.583333333	0.1	0.186046512	1	0	0	0	0.9	0.317241379	0	0
0	1	0.123333333	1	0.3	0.583333333	0.1	1	1	0	0	0	0.9	0.344827586	0	0
0	0.961463415	0.027777778	0	0.6	0.583333333	0.1	0.028695652	0	0	0	0	0.9	0.344827586	0	0
0	0.989756098	0.277777778	1	0.3	0.583333333	0.1	0.608695652	0	0	0	1	0.9	0.344827586	0	0
0	0.81902439	0.666666667	1	0.3	0.333333333	0.3	0.695652174	0	0	0	1	0.9	0.362068966	0	0
0	0.788536585	0.259259259	1	0.3	1	0.3	0.275652174	1	0	0	1	0.9	0.362068966	0	0
0	0.467560976	0	0	0.6	0.583333333	0.3	0	0	0	0	1	0.9	0.431034483	1	1
0	1	0.296296296	1	0.3	1	0.1	0.006956522	0	1	0.024390244	0	0.9	0.482758621	0	1
0	0.861376439	0.111111111	1	0.3	1	0.2	1	0	0	0	1	0.9	0.612931034	0	1
0	1	0.002962963	1	0.3	1	0.3	1	0	0	0	0	0.9	1	0	0
