1 1
4.391e-15 0
0.00483387 0
0.999955 1
1.46031e-06 0
0.002978 0
1 1
0.999939 1
2.10566e-07 0
1 1
2.46223e-08 0
0.00311872 0
1.48239e-12 0
1.36808e-05 0
1 1
1.58914e-05 0
0.999999 1
1.26844e-12 0
0.999299 1
2.96733e-10 0
0.00172613 0
2.50645e-12 0
1 1
1 1
3.66467e-12 0
1.08409e-07 0
0.996504 1
6.99868e-10 0
0.999839 1
2.19401e-05 0
0.994033 1
0.999999 1
0.999392 1
1.00353e-17 0
1 1
4.92692e-16 0
0.999997 1
0.997164 1
4.02064e-08 0
1.9088e-08 0
0.997912 1
1 1
3.14739e-12 1
3.21437e-09 0
1 1
0.0043167 0
0.997904 1
0.997565 1
0.999889 1
6.50274e-05 0
0.995852 1
6.54154e-10 0
1 1
0.0060964 0
0.000331756 0
2.51379e-08 0
0.00100426 0
1 1
0.998974 1
3.6212e-06 0
3.70054e-12 0
1.01849e-10 0
0.999992 1
9.99546e-09 0
6.20745e-07 0
0.993862 1
4.25563e-10 0
2.44108e-07 0
1.82464e-08 0
2.9142e-08 0
3.62835e-07 0
0.998413 1
0.00274942 0
1 1
1.8862e-14 0
7.78934e-12 0
1 1
0.999994 1
4.25322e-09 0
2.63774e-07 0
2.76415e-13 0
1.76556e-12 0
0.999997 1
1.20613e-08 0
1 1
6.53391e-10 0
0.999981 1
1 1
0.999982 1
0.999035 1
0.999996 1
1 1
0.0109548 0
1 1
3.72063e-08 0
1 0
3.269e-12 0
4.96133e-11 0
1 1
2.65843e-12 0
3.84531e-07 0
1.37137e-11 0
0.999994 1
1.67187e-14 0
0.996422 1
1.92528e-05 0
8.68714e-12 0
1 1
2.08044e-09 0
0.998349 1
4.80848e-12 0
1 1
0.999998 1
0.0015817 0
1.25266e-08 0
2.91821e-06 0
0.998472 1
4.25245e-09 1
0.998 1
1 1
1 1
1 1
1 1
1 1
1.21884e-11 0
3.99067e-12 0
2.03047e-11 1
0.999998 1
1.34336e-05 0
0.999998 1
1.85897e-11 0
1 1
0.996058 1
1.44514e-16 0
0.00289295 0
2.22889e-05 0
2.26045e-10 0
0.00418577 0
0.999905 1
1 1
0.000748767 0
1.32533e-05 0
3.4571e-10 1
7.5627e-18 0
1 0
1 1
1.6647e-12 0
0.992785 1
7.47666e-12 0
1.27842e-08 0
1 1
9.15521e-05 0
0.999999 1
0.0111885 0
1 1
0.999227 1
1 1
2.35912e-12 0
1 1
1 1
7.66359e-10 0
0.999613 1
0.999843 1
3.48722e-06 0
2.06096e-14 0
6.09833e-13 1
0.999269 1
1.04808e-10 0
0.998197 1
1 1
1.53528e-07 0
1 1
1.19031e-11 0
1.6519e-13 0
1.22453e-13 0
7.88422e-15 0
1 1
5.97211e-10 0
2.88313e-12 0
0.996811 1
0.000684035 0
0.999949 1
1.03644e-07 0
7.6141e-05 0
0.0114555 0
3.93226e-08 0
0.998754 1
0.996158 1
1 1
0.00112575 0
9.70214e-07 0
1 1
7.61631e-08 0
2.04343e-13 0
0.999659 1
4.29274e-07 0
1.06656e-15 0
1 1
5.46869e-18 1
0.00328879 0
0.99757 1
1.72319e-08 0
3.29497e-07 0
2.70911e-08 0
0.998748 1
0.999998 1
0.00455424 0
0.999717 1
1 1
0.999993 1
9.13531e-06 0
0.009412 0
1 1
2.81278e-12 0
3.07436e-08 0
1 1
2.99311e-06 0
0.00346997 0
3.66273e-06 0
3.77866e-06 0
0.99988 1
2.81249e-05 0
0.999995 1
2.05226e-11 0
7.73045e-09 0
0.999998 1
1.06342e-06 0
1 1
1 1
1 0
0.00522559 0
1 1
1 1
1.05457e-05 1
0.996074 1
1 1
1 1
2.03189e-08 0
8.24719e-11 0
0.998548 1
1.91468e-05 0
9.97679e-12 0
0.00185739 0
1 1
9.05139e-12 0
1 1
1 1
8.88534e-19 0
0.992083 1
0.999986 1
1 1
3.50045e-06 0
1.25414e-10 0
0.999977 1
1 1
0.999839 1
0.996223 1
1 1
1 1
0.99499 1
1.62827e-11 0
4.64188e-13 1
2.5247e-10 0
0.00455801 0
5.62143e-13 0
2.51903e-13 0
0.999998 1
1 1
2.55195e-09 0
0.99713 1
1 1
0.998446 1
1.03145e-08 0
1 1
2.28084e-10 0
1.21801e-06 0
7.54421e-12 0
1 1
2.69794e-13 0
1 1
1 1
1 1
1 1
1 1
1 1
6.99004e-08 0
1 1
1.91204e-11 0
4.32996e-12 0
1 1
1.20698e-12 1
0.00310574 0
0.999977 1
0.999494 1
0.999831 1
1 1
1 1
1.25924e-05 0
2.01038e-08 0
1 1
4.59351e-08 0
6.8888e-12 0
5.70369e-05 0
9.87972e-10 0
1 1
7.65662e-12 0
5.32627e-08 0
8.62043e-13 0
1.93167e-08 0
1 1
6.30307e-09 0
0.996383 1
7.70259e-07 0
0.000971045 0
0.999988 1
2.94684e-08 0
0.999979 1
0.989738 1
1.23624e-09 1
0.999716 1
2.3666e-08 0
0.995067 1
0.999975 1
1 1
3.55941e-05 0
6.36259e-17 0
0.00550642 0
1.5125e-10 0
3.79681e-08 0
0.00251549 0
5.80484e-13 0
0.990067 1
6.5233e-07 0
9.72115e-06 0
0.996905 1
9.46235e-17 1
3.21006e-08 0
1.51296e-06 0
1.59412e-10 0
1.35199e-11 0
1 0
5.03645e-16 0
4.99262e-13 0
1 1
2.50901e-07 0
0.999479 1
4.36443e-08 0
2.42886e-06 0
4.4022e-10 0
2.66573e-15 0
3.67508e-08 0
1.11584e-09 0
0.0074515 0
1.90056e-16 0
3.20081e-15 0
3.99967e-10 0
1.02668e-12 0
1.19588e-07 0
1 1
0.00726854 0
2.89847e-08 0
0.999235 1
1 1
1 0
1 1
9.65567e-09 0
7.82637e-14 0
0.00693405 0
0.000296924 0
0.994255 1
1 1
1 1
5.63734e-19 0
2.77074e-12 0
1.96916e-07 0
0.993651 1
1.24479e-12 0
2.73743e-10 0
4.99358e-11 0
0.999999 1
0.99634 1
1 1
0.00299195 0
1.57902e-13 0
6.20814e-07 0
0.999991 1
1 1
3.0499e-14 0
0.999997 1
2.059e-15 0
2.43222e-08 0
1.33956e-11 0
4.05017e-14 0
1.15929e-05 0
0.00525751 0
2.76373e-16 0
0.993941 1
8.97179e-10 0
6.06011e-12 0
9.06039e-09 0
0.999995 1
1 1
1 0
0.999997 1
4.59681e-05 0
2.5884e-18 0
0.999932 1
1.88305e-07 0
0.996691 1
3.2867e-07 0
1.04243e-07 0
1 1
3.30131e-06 0
0.999839 1
0.000126401 0
3.57128e-12 0
0.00957854 0
6.94789e-16 0
0.999696 1
0.990278 1
1 1
5.92428e-13 0
0.997881 1
1.1457e-07 0
1 1
0.999989 1
8.75453e-10 0
4.92102e-15 0
3.97585e-08 0
1 1
1 1
0.000248643 0
4.73426e-12 0
0.99996 1
2.36593e-13 0
0.996012 1
0.992791 1
1 1
5.38577e-20 0
1 1
1 1
1.51685e-09 1
0.99987 1
1.52817e-16 0
0.00188225 0
2.50743e-10 0
1 1
7.442e-13 0
0.00349747 0
0.999998 1
2.94744e-18 0
1.85713e-11 0
0.999984 1
0.999925 1
6.75828e-16 0
0.00194749 0
0.999993 1
1 1
0.996157 1
8.69945e-12 0
1.31976e-11 0
1 1
0.00991542 0
1.88967e-07 0
0.999997 1
1.47391e-05 0
7.09497e-07 0
0.999986 1
3.22675e-08 0
0.992104 1
0.00443552 0
0.99692 1
4.4131e-12 0
0.999999 1
2.46229e-08 0
1.81239e-07 0
1.25865e-10 0
0.995947 1
1 1
7.69801e-10 0
3.03759e-05 0
0.00513179 0
1.03498e-14 0
3.37608e-07 1
1 1
0.999986 1
1 1
4.76184e-10 0
1.11675e-16 0
0.999919 1
1 1
1 1
3.68173e-11 0
1.35707e-20 0
2.80202e-08 0
1.00994e-11 0
1 1
1.43825e-11 0
0.99957 1
1 1
6.34e-12 0
3.72187e-12 0
0.18274 0
1 1
0.999992 1
0.789636 1
2.60189e-11 0
0.999997 1
0.999972 1
1 1
1.13456e-08 1
1 0
1 1
3.31522e-11 0
7.21487e-06 0
5.32342e-08 0
0.999974 1
0.993511 1
0.999826 1
1 1
4.90845e-09 0
1.15369e-07 0
2.24931e-06 0
0.991335 1
5.47892e-10 0
1.10819e-08 0
1 0
4.66352e-06 1
0.999108 1
0.804336 1
0.999196 1
1 0
0.439575 1
2.24632e-11 0
2.15756e-06 0
0.000200259 0
1.31259e-06 0
0.997805 1
1 1
1 1
2.01771e-11 0
0.996687 1
0.9977 1
1 1
1.5239e-06 0
1 1
0.999998 1
3.04214e-09 0
5.65137e-15 0
0.0375841 1
0.996174 1
0.996178 0
9.21439e-07 0
5.37408e-14 0
0.997919 1
1 1
1.89863e-11 0
1.7801e-08 0
0.999996 1
0.999999 1
1 0
0.99991 1
0.999963 1
3.48908e-15 0
1.83654e-11 1
2.02904e-10 0
1.91532e-08 0
0.999997 1
1 1
1 1
0.000283217 0
1 1
7.31695e-07 0
9.57296e-16 0
1 1
0.977391 1
3.22414e-10 0
2.31926e-07 0
1 1
0.999996 1
4.55685e-07 0
0.00690414 1
1.34998e-07 0
7.0613e-20 0
0.0236535 0
7.90245e-15 0
1 0
3.40731e-11 0
0.00557746 0
0.00015527 1
3.75264e-07 0
0.999017 1
1 0
1 0
2.71834e-09 1
0.999934 1
1.16506e-10 0
7.43148e-12 0
1 1
1.51197e-06 0
2.84647e-08 0
7.80259e-05 0
8.94262e-11 1
0.999993 1
2.08275e-11 0
0.999999 1
2.45441e-11 0
7.59597e-10 0
1 1
3.80025e-12 0
4.58735e-11 0
1 0
1.87704e-07 0
4.62576e-05 0
3.64504e-14 0
3.36047e-10 0
1 1
0.999899 1
0.999993 0
1 1
1 1
6.54616e-18 0
2.1723e-08 0
1.05441e-06 0
2.70226e-07 0
3.0339e-10 0
2.8675e-19 0
6.14668e-12 0
0.999989 1
0.999889 0
1.38911e-15 0
0.63019 1
3.94625e-13 0
1 0
0.508199 1
0.118264 0
1 1
3.08264e-06 0
0.0337333 1
2.96653e-08 0
1.65788e-11 0
0.383098 0
1 1
1 0
1 1
1.20069e-10 0
0.999957 1
1.34833e-11 0
5.66564e-09 0
3.04957e-07 0
0.0241564 0
0.520339 0
0.999988 1
1.1608e-05 0
1 1
1.56779e-11 0
0.999939 0
4.15457e-14 0
1 0
1.55321e-10 0
0.999999 1
0.999999 1
2.82943e-06 0
0.999996 1
6.2362e-10 0
1 1
